# time  created  delivered  delivered/created
32.0000 1 0 0.0000
58.0000 2 0 0.0000
84.0000 3 0 0.0000
112.0000 4 0 0.0000
133.4000 4 1 0.2500
134.4000 4 2 0.5000
144.0000 5 2 0.4000
170.0000 6 2 0.3333
203.0000 7 2 0.2857
230.4000 7 3 0.4286
233.0000 8 3 0.3750
265.0000 9 3 0.3333
267.6000 9 4 0.4444
291.0000 10 4 0.4000
320.0000 11 4 0.3636
323.6000 11 5 0.4545
345.0000 12 5 0.4167
357.9000 12 6 0.5000
379.0000 13 6 0.4615
405.0000 14 6 0.4286
431.0000 15 6 0.4000
457.4000 15 7 0.4667
464.0000 16 7 0.4375
487.6000 16 8 0.5000
498.0000 17 8 0.4706
523.0000 18 8 0.4444
557.0000 19 8 0.4211
582.0000 20 8 0.4000
609.0000 21 8 0.3810
640.0000 22 8 0.3636
669.0000 23 8 0.3478
698.0000 24 8 0.3333
730.0000 25 8 0.3200
757.0000 26 8 0.3077
785.0000 27 8 0.2963
818.0000 28 8 0.2857
848.8000 28 9 0.3214
852.0000 29 9 0.3103
859.8000 29 10 0.3448
868.7000 29 11 0.3793
881.0000 30 11 0.3667
913.0000 31 11 0.3548
945.0000 32 11 0.3438
976.0000 33 11 0.3333
1007.0000 34 11 0.3235
1035.0000 35 11 0.3143
1060.0000 36 11 0.3056
1088.3000 36 12 0.3333
1092.0000 37 12 0.3243
1121.0000 38 12 0.3158
1154.0000 39 12 0.3077
1184.0000 40 12 0.3000
1216.0000 41 12 0.2927
1249.0000 42 12 0.2857
1281.0000 43 12 0.2791
1313.0000 44 12 0.2727
1345.0000 45 12 0.2667
1378.0000 46 12 0.2609
1411.0000 47 12 0.2553
1424.9000 47 13 0.2766
1437.0000 48 13 0.2708
1465.0000 49 13 0.2653
1498.0000 50 13 0.2600
1528.0000 51 13 0.2549
1560.0000 52 13 0.2500
1586.0000 53 13 0.2453
1617.0000 54 13 0.2407
1646.0000 55 13 0.2364
1677.0000 56 13 0.2321
1707.0000 57 13 0.2281
1739.0000 58 13 0.2241
1769.0000 59 13 0.2203
1803.0000 60 13 0.2167
1828.0000 61 13 0.2131
1857.0000 62 13 0.2097
1889.1000 62 14 0.2258
1890.0000 63 14 0.2222
1896.1000 63 15 0.2381
1917.0000 64 15 0.2344
1946.0000 65 15 0.2308
1975.0000 66 15 0.2273
2000.0000 67 15 0.2239
2027.0000 68 15 0.2206
2061.0000 69 15 0.2174
2078.5000 69 16 0.2319
2093.0000 70 16 0.2286
2126.0000 71 16 0.2254
2154.0000 72 16 0.2222
2184.0000 73 16 0.2192
2216.0000 74 16 0.2162
2241.0000 75 16 0.2133
2272.0000 76 16 0.2105
2300.0000 77 16 0.2078
2334.0000 78 16 0.2051
2364.0000 79 16 0.2025
2389.0000 80 16 0.2000
2396.2000 80 17 0.2125
2422.0000 80 18 0.2250
2422.0000 81 18 0.2222
2452.0000 82 18 0.2195
2479.0000 83 18 0.2169
2479.2000 83 19 0.2289
2504.0000 84 19 0.2262
2535.0000 85 19 0.2235
2565.7000 85 20 0.2353
2567.0000 86 20 0.2326
2595.0000 87 20 0.2299
2629.0000 88 20 0.2273
2654.1000 88 21 0.2386
2662.0000 89 21 0.2360
2662.4000 89 22 0.2472
2693.0000 90 22 0.2444
2726.0000 91 22 0.2418
2758.0000 92 22 0.2391
2791.0000 93 22 0.2366
2822.0000 94 22 0.2340
2852.0000 95 22 0.2316
2883.0000 96 22 0.2292
2911.0000 97 22 0.2268
2940.0000 98 22 0.2245
2959.5000 98 23 0.2347
2967.0000 99 23 0.2323
2992.0000 100 23 0.2300
3024.0000 101 23 0.2277
3056.0000 102 23 0.2255
3083.0000 103 23 0.2233
3116.0000 104 23 0.2212
3134.9000 104 24 0.2308
3142.0000 105 24 0.2286
3167.0000 106 24 0.2264
3201.0000 107 24 0.2243
3231.0000 108 24 0.2222
3263.0000 109 24 0.2202
3290.0000 110 24 0.2182
3321.0000 111 24 0.2162
3337.7000 111 25 0.2252
3354.0000 112 25 0.2232
3382.0000 113 25 0.2212
3411.0000 114 25 0.2193
3437.0000 115 25 0.2174
3467.0000 116 25 0.2155
3496.0000 117 25 0.2137
3527.0000 118 25 0.2119
3556.0000 119 25 0.2101
3589.0000 120 25 0.2083
3618.0000 121 25 0.2066
3623.8000 121 26 0.2149
3643.0000 122 26 0.2131
3675.0000 123 26 0.2114
3704.0000 124 26 0.2097
3736.0000 125 26 0.2080
3768.0000 126 26 0.2063
3776.7000 126 27 0.2143
3793.0000 127 27 0.2126
3818.0000 128 27 0.2109
3848.0000 129 27 0.2093
3875.0000 130 27 0.2077
3883.1000 130 28 0.2154
3907.6000 130 29 0.2231
3908.0000 131 29 0.2214
3933.0000 132 29 0.2197
3963.0000 133 29 0.2180
3993.0000 134 29 0.2164
4002.9000 134 30 0.2239
4024.0000 135 30 0.2222
4043.6000 135 31 0.2296
4050.0000 136 31 0.2279
4075.0000 137 31 0.2263
4108.0000 138 31 0.2246
4137.0000 139 31 0.2230
4166.0000 140 31 0.2214
4172.3000 140 32 0.2286
4183.9000 140 33 0.2357
4185.8000 140 34 0.2429
4193.0000 141 34 0.2411
4220.0000 142 34 0.2394
4249.0000 143 34 0.2378
4282.2000 143 35 0.2448
4283.0000 144 35 0.2431
4315.0000 145 35 0.2414
4340.0000 146 35 0.2397
4373.0000 147 35 0.2381
4403.0000 148 35 0.2365
4412.8000 148 36 0.2432
4428.0000 149 36 0.2416
4454.0000 150 36 0.2400
4484.0000 151 36 0.2384
4511.0000 152 36 0.2368
4537.8000 152 37 0.2434
4545.0000 153 37 0.2418
4547.8000 153 38 0.2484
4576.0000 154 38 0.2468
4602.0000 155 38 0.2452
4607.5000 155 39 0.2516
4636.0000 156 39 0.2500
4668.0000 157 39 0.2484
4702.0000 158 39 0.2468
4731.0000 159 39 0.2453
4759.0000 160 39 0.2438
4776.9000 160 40 0.2500
4788.0000 161 40 0.2484
4822.0000 162 40 0.2469
4852.0000 163 40 0.2454
4877.0000 164 40 0.2439
4905.0000 165 40 0.2424
4931.2000 165 41 0.2485
4932.0000 166 41 0.2470
4965.0000 167 41 0.2455
4997.0000 168 41 0.2440
5023.0000 169 41 0.2426
5056.0000 170 41 0.2412
5087.0000 171 41 0.2398
5117.0000 172 41 0.2384
5135.6000 172 42 0.2442
5150.0000 173 42 0.2428
5181.0000 174 42 0.2414
5214.0000 175 42 0.2400
5244.0000 176 42 0.2386
5274.0000 177 42 0.2373
5307.0000 178 42 0.2360
5328.1000 178 43 0.2416
5336.0000 179 43 0.2402
5370.0000 180 43 0.2389
5397.0000 181 43 0.2376
5409.8000 181 44 0.2431
5422.0000 182 44 0.2418
5450.0000 183 44 0.2404
5475.0000 184 44 0.2391
5505.0000 185 44 0.2378
5529.2000 185 45 0.2432
5535.0000 186 45 0.2419
5562.0000 187 45 0.2406
5593.0000 188 45 0.2394
5615.8000 188 46 0.2447
5622.6000 188 47 0.2500
5623.0000 189 47 0.2487
5655.0000 190 47 0.2474
5689.0000 191 47 0.2461
5719.0000 192 47 0.2448
5747.0000 193 47 0.2435
5778.0000 194 47 0.2423
5804.0000 195 47 0.2410
5838.0000 196 47 0.2398
5841.6000 196 48 0.2449
5868.0000 197 48 0.2437
5899.0000 198 48 0.2424
5931.0000 199 48 0.2412
5962.0000 200 48 0.2400
5989.0000 201 48 0.2388
6015.0000 202 48 0.2376
6027.0000 202 49 0.2426
6048.0000 203 49 0.2414
6078.0000 204 49 0.2402
6105.0000 205 49 0.2390
6132.0000 206 49 0.2379
6161.0000 207 49 0.2367
6187.0000 208 49 0.2356
6212.0000 209 49 0.2344
6244.0000 210 49 0.2333
6274.0000 211 49 0.2322
6306.0000 212 49 0.2311
6336.0000 213 49 0.2300
6366.0000 214 49 0.2290
6396.0000 215 49 0.2279
6421.0000 216 49 0.2269
6431.7000 216 50 0.2315
6448.0000 217 50 0.2304
6481.0000 218 50 0.2294
6514.0000 219 50 0.2283
6538.4000 219 51 0.2329
6540.0000 220 51 0.2318
6545.7000 220 52 0.2364
6571.0000 221 52 0.2353
6601.0000 222 52 0.2342
6632.0000 223 52 0.2332
6665.0000 224 52 0.2321
6691.1000 224 53 0.2366
6697.0000 225 53 0.2356
6722.0000 226 53 0.2345
6747.0000 227 53 0.2335
6779.0000 228 53 0.2325
6804.0000 229 53 0.2314
6837.0000 230 53 0.2304
6869.0000 231 53 0.2294
6901.0000 232 53 0.2284
6928.0000 233 53 0.2275
6951.4000 233 54 0.2318
6954.0000 234 54 0.2308
6957.8000 234 55 0.2350
6983.0000 235 55 0.2340
7017.0000 236 55 0.2331
7044.0000 237 55 0.2321
7067.1000 237 56 0.2363
7074.0000 238 56 0.2353
7091.7000 238 57 0.2395
7108.0000 239 57 0.2385
7119.4000 239 58 0.2427
7142.0000 240 58 0.2417
7169.0000 241 58 0.2407
7200.0000 242 58 0.2397
7225.0000 243 58 0.2387
7248.2000 243 59 0.2428
7259.0000 244 59 0.2418
7293.0000 245 59 0.2408
7326.2000 245 60 0.2449
7327.0000 246 60 0.2439
7355.0000 247 60 0.2429
7370.1000 247 61 0.2470
7385.0000 248 61 0.2460
7411.0000 249 61 0.2450
7440.0000 250 61 0.2440
7468.0000 251 61 0.2430
7495.0000 252 61 0.2421
7523.1000 252 62 0.2460
7524.4000 252 63 0.2500
7525.0000 253 63 0.2490
7556.0000 254 63 0.2480
7590.0000 255 63 0.2471
7621.0000 256 63 0.2461
7650.0000 257 63 0.2451
7678.0000 258 63 0.2442
7709.0000 259 63 0.2432
7710.6000 259 64 0.2471
7734.0000 260 64 0.2462
7760.0000 261 64 0.2452
7792.0000 262 64 0.2443
7819.0000 263 64 0.2433
7831.4000 263 65 0.2471
7847.0000 264 65 0.2462
7872.0000 265 65 0.2453
7882.6000 265 66 0.2491
7900.0000 266 66 0.2481
7933.0000 267 66 0.2472
7960.0000 268 66 0.2463
7990.0000 269 66 0.2454
8015.5000 269 67 0.2491
8019.0000 270 67 0.2481
8028.2000 270 68 0.2519
8044.0000 271 68 0.2509
8077.0000 272 68 0.2500
8102.0000 273 68 0.2491
8130.0000 274 68 0.2482
8161.0000 275 68 0.2473
8194.0000 276 68 0.2464
8221.0000 277 68 0.2455
8244.5000 277 69 0.2491
8254.0000 278 69 0.2482
8279.0000 279 69 0.2473
8305.0000 280 69 0.2464
8331.0000 281 69 0.2456
8357.0000 282 69 0.2447
8385.0000 283 69 0.2438
8391.0000 283 70 0.2473
8412.0000 284 70 0.2465
8445.0000 285 70 0.2456
8473.0000 286 70 0.2448
8499.7000 286 71 0.2483
8504.0000 287 71 0.2474
8531.0000 288 71 0.2465
8560.0000 289 71 0.2457
8592.0000 290 71 0.2448
8625.0000 291 71 0.2440
8652.0000 292 71 0.2432
8677.0000 293 71 0.2423
8704.0000 294 71 0.2415
8733.0000 295 71 0.2407
8737.0000 295 72 0.2441
8764.0000 296 72 0.2432
8798.0000 297 72 0.2424
8831.0000 298 72 0.2416
8862.0000 299 72 0.2408
8891.0000 300 72 0.2400
8922.1000 300 73 0.2433
8924.0000 301 73 0.2425
8949.0000 302 73 0.2417
8983.0000 303 73 0.2409
9016.0000 304 73 0.2401
9044.0000 305 73 0.2393
9075.0000 306 73 0.2386
9106.0000 307 73 0.2378
9133.0000 308 73 0.2370
9165.0000 309 73 0.2362
9197.5000 309 74 0.2395
9199.0000 310 74 0.2387
9227.0000 311 74 0.2379
9256.0000 312 74 0.2372
9259.9000 312 75 0.2404
9272.5000 312 76 0.2436
9287.0000 313 76 0.2428
9301.9000 313 77 0.2460
9318.0000 314 77 0.2452
9326.0000 314 78 0.2484
9344.0000 315 78 0.2476
9373.0000 316 78 0.2468
9381.5000 316 79 0.2500
9398.0000 317 79 0.2492
9423.0000 318 79 0.2484
9450.0000 319 79 0.2476
9469.4000 319 80 0.2508
9479.0000 320 80 0.2500
9511.0000 321 80 0.2492
9540.0000 322 80 0.2484
9573.8000 322 81 0.2516
9574.0000 323 81 0.2508
9607.0000 324 81 0.2500
9631.1000 324 82 0.2531
9634.0000 325 82 0.2523
9665.0000 326 82 0.2515
9699.0000 327 82 0.2508
9733.0000 328 82 0.2500
9759.0000 329 82 0.2492
9787.4000 329 83 0.2523
9788.0000 330 83 0.2515
9818.0000 331 83 0.2508
9849.0000 332 83 0.2500
9857.4000 332 84 0.2530
9878.4000 332 85 0.2560
9880.0000 333 85 0.2553
9912.0000 334 85 0.2545
9940.0000 335 85 0.2537
9964.2000 335 86 0.2567
9969.0000 336 86 0.2560
10003.0000 337 86 0.2552
10036.0000 338 86 0.2544
10070.0000 339 86 0.2537
10095.0000 340 86 0.2529
10102.1000 340 87 0.2559
10125.0000 341 87 0.2551
10155.0000 342 87 0.2544
10187.0000 343 87 0.2536
10219.0000 344 87 0.2529
10249.0000 345 87 0.2522
10274.0000 346 87 0.2514
10290.6000 346 88 0.2543
10303.0000 347 88 0.2536
10324.1000 347 89 0.2565
10336.0000 348 89 0.2557
10365.0000 349 89 0.2550
10398.0000 350 89 0.2543
10425.0000 351 89 0.2536
10457.0000 352 89 0.2528
10488.0000 353 89 0.2521
10515.0000 354 89 0.2514
10536.9000 354 90 0.2542
10540.0000 355 90 0.2535
10568.0000 356 90 0.2528
10583.2000 356 91 0.2556
10583.5000 356 92 0.2584
10601.0000 357 92 0.2577
10626.0000 358 92 0.2570
10657.0000 359 92 0.2563
10689.0000 360 92 0.2556
10719.0000 361 92 0.2548
10744.0000 362 92 0.2541
10777.0000 363 92 0.2534
10811.0000 364 92 0.2527
10838.0000 365 92 0.2521
10869.0000 366 92 0.2514
10898.0000 367 92 0.2507
10914.6000 367 93 0.2534
10926.0000 368 93 0.2527
10958.0000 369 93 0.2520
10989.0000 370 93 0.2514
11017.0000 371 93 0.2507
11031.5000 371 94 0.2534
11051.0000 372 94 0.2527
11084.0000 373 94 0.2520
11112.3000 373 95 0.2547
11118.0000 374 95 0.2540
11145.0000 375 95 0.2533
11172.0000 376 95 0.2527
11204.0000 377 95 0.2520
11230.0000 378 95 0.2513
11259.0000 379 95 0.2507
11289.0000 380 95 0.2500
11323.0000 381 95 0.2493
11324.2000 381 96 0.2520
11351.0000 382 96 0.2513
11379.0000 383 96 0.2507
11408.0000 384 96 0.2500
11437.0000 385 96 0.2494
11469.0000 386 96 0.2487
11498.0000 387 96 0.2481
11523.0000 388 96 0.2474
11535.7000 388 97 0.2500
11553.0000 389 97 0.2494
11583.0000 390 97 0.2487
11616.0000 391 97 0.2481
11647.0000 392 97 0.2474
11681.0000 393 97 0.2468
11711.0000 394 97 0.2462
11744.0000 395 97 0.2456
11777.0000 396 97 0.2449
11803.0000 397 97 0.2443
11832.0000 398 97 0.2437
11861.0000 399 97 0.2431
11890.0000 400 97 0.2425
11916.0000 401 97 0.2419
11943.5000 401 98 0.2444
11950.0000 402 98 0.2438
11978.0000 403 98 0.2432
12004.0000 404 98 0.2426
12030.7000 404 99 0.2450
12038.0000 405 99 0.2444
12067.0000 406 99 0.2438
12099.0000 407 99 0.2432
12106.1000 407 100 0.2457
12133.0000 408 100 0.2451
12165.0000 409 100 0.2445
12169.7000 409 101 0.2469
12196.0000 410 101 0.2463
12221.0000 411 101 0.2457
12247.0000 412 101 0.2451
12280.0000 413 101 0.2446
12313.0000 414 101 0.2440
12313.8000 414 102 0.2464
12346.0000 415 102 0.2458
12374.0000 416 102 0.2452
12399.0000 417 102 0.2446
12430.0000 418 102 0.2440
12459.0000 419 102 0.2434
12486.0000 420 102 0.2429
12519.0000 421 102 0.2423
12552.0000 422 102 0.2417
12583.0000 423 102 0.2411
12586.0000 423 103 0.2435
12610.0000 424 103 0.2429
12636.0000 425 103 0.2424
12663.0000 426 103 0.2418
12690.0000 427 103 0.2412
12717.0000 428 103 0.2407
12746.0000 429 103 0.2401
12777.0000 430 103 0.2395
12804.0000 431 103 0.2390
12832.4000 431 104 0.2413
12833.0000 432 104 0.2407
12859.0000 433 104 0.2402
12887.0000 434 104 0.2396
12911.5000 434 105 0.2419
12913.0000 435 105 0.2414
12945.0000 436 105 0.2408
12972.0000 437 105 0.2403
12999.0000 438 105 0.2397
13027.0000 439 105 0.2392
13061.0000 440 105 0.2386
13089.0000 441 105 0.2381
13117.0000 442 105 0.2376
13143.0000 443 105 0.2370
13175.0000 444 105 0.2365
13203.0000 445 105 0.2360
13233.0000 446 105 0.2354
13258.0000 447 105 0.2349
13268.8000 447 106 0.2371
13284.0000 448 106 0.2366
13316.0000 449 106 0.2361
13346.9000 449 107 0.2383
13348.0000 450 107 0.2378
13374.0000 451 107 0.2373
13405.0000 452 107 0.2367
13434.0000 453 107 0.2362
13460.0000 454 107 0.2357
13471.9000 454 108 0.2379
13489.0000 455 108 0.2374
13522.0000 456 108 0.2368
13547.0000 457 108 0.2363
13572.0000 458 108 0.2358
13606.0000 459 108 0.2353
13623.6000 459 109 0.2375
13631.0000 460 109 0.2370
13662.0000 461 109 0.2364
13696.0000 462 109 0.2359
13721.0000 463 109 0.2354
13754.0000 464 109 0.2349
13781.0000 465 109 0.2344
13812.0000 466 109 0.2339
13837.3000 466 110 0.2361
13839.0000 467 110 0.2355
13871.0000 468 110 0.2350
13900.0000 469 110 0.2345
13926.0000 470 110 0.2340
13960.0000 471 110 0.2335
13985.0000 472 110 0.2331
14010.0000 473 110 0.2326
14042.0000 474 110 0.2321
14067.0000 475 110 0.2316
14093.0000 476 110 0.2311
14122.7000 476 111 0.2332
14123.0000 477 111 0.2327
14153.0000 478 111 0.2322
14178.0000 479 111 0.2317
14212.0000 480 111 0.2313
14244.0000 481 111 0.2308
14244.4000 481 112 0.2328
14270.0000 482 112 0.2324
14303.0000 483 112 0.2319
14320.2000 483 113 0.2340
14331.0000 484 113 0.2335
14364.0000 485 113 0.2330
14398.0000 486 113 0.2325
14431.0000 487 113 0.2320
14458.0000 488 113 0.2316
14485.0000 489 113 0.2311
14519.0000 490 113 0.2306
14550.0000 491 113 0.2301
14580.0000 492 113 0.2297
14606.0000 493 113 0.2292
14616.9000 493 114 0.2312
14640.0000 494 114 0.2308
14671.0000 495 114 0.2303
14704.0000 496 114 0.2298
14704.5000 496 115 0.2319
14734.0000 497 115 0.2314
14760.0000 498 115 0.2309
14787.0000 499 115 0.2305
14813.0000 500 115 0.2300
14844.0000 501 115 0.2295
14875.0000 502 115 0.2291
14902.0000 503 115 0.2286
14931.5000 503 116 0.2306
14933.0000 504 116 0.2302
14960.0000 505 116 0.2297
14993.0000 506 116 0.2292
15020.0000 507 116 0.2288
15047.0000 508 116 0.2283
15067.5000 508 117 0.2303
15077.0000 509 117 0.2299
15108.0000 510 117 0.2294
15108.0000 510 118 0.2314
15134.0000 511 118 0.2309
15147.9000 511 119 0.2329
15161.0000 512 119 0.2324
15193.0000 513 119 0.2320
15219.0000 514 119 0.2315
15250.0000 515 119 0.2311
15276.0000 516 119 0.2306
15304.0000 517 119 0.2302
15335.0000 518 119 0.2297
15363.0000 519 119 0.2293
15397.0000 520 119 0.2288
15429.0000 521 119 0.2284
15454.0000 522 119 0.2280
15462.5000 522 120 0.2299
15483.0000 523 120 0.2294
15514.0000 524 120 0.2290
15540.0000 525 120 0.2286
15572.0000 526 120 0.2281
15602.0000 527 120 0.2277
15629.0000 528 120 0.2273
15655.0000 529 120 0.2268
15689.0000 530 120 0.2264
15715.0000 531 120 0.2260
15747.0000 532 120 0.2256
15760.0000 532 121 0.2274
15772.0000 533 121 0.2270
15782.0000 533 122 0.2289
15800.0000 534 122 0.2285
15833.0000 535 122 0.2280
15867.0000 536 122 0.2276
15885.4000 536 123 0.2295
15892.0000 537 123 0.2291
15921.0000 538 123 0.2286
15954.0000 539 123 0.2282
15979.0000 540 123 0.2278
16008.0000 541 123 0.2274
16039.0000 542 123 0.2269
16064.0000 543 123 0.2265
16093.0000 544 123 0.2261
16119.0000 545 123 0.2257
16145.0000 546 123 0.2253
16178.0000 547 123 0.2249
16212.0000 548 123 0.2245
16241.0000 549 123 0.2240
16273.0000 550 123 0.2236
16304.0000 551 123 0.2232
16335.0000 552 123 0.2228
16368.0000 553 123 0.2224
16394.0000 554 123 0.2220
16419.0000 555 123 0.2216
16448.0000 556 123 0.2212
16467.9000 556 124 0.2230
16477.0000 557 124 0.2226
16507.0000 558 124 0.2222
16536.0000 559 124 0.2218
16563.4000 559 125 0.2236
16565.0000 560 125 0.2232
16591.0000 561 125 0.2228
16614.3000 561 126 0.2246
16624.0000 562 126 0.2242
16644.6000 562 127 0.2260
16658.0000 563 127 0.2256
16687.0000 564 127 0.2252
16714.0000 565 127 0.2248
16742.0000 566 127 0.2244
16769.0000 567 127 0.2240
16782.9000 567 128 0.2257
16801.0000 568 128 0.2254
16835.0000 569 128 0.2250
16842.2000 569 129 0.2267
16864.0000 570 129 0.2263
16891.0000 571 129 0.2259
16917.0000 572 129 0.2255
16943.0000 573 129 0.2251
16969.0000 574 129 0.2247
17000.0000 575 129 0.2243
17026.0000 576 129 0.2240
17053.0000 577 129 0.2236
17081.0000 578 129 0.2232
17107.0000 579 129 0.2228
17122.4000 579 130 0.2245
17141.0000 580 130 0.2241
17169.0000 581 130 0.2238
17202.0000 582 130 0.2234
17228.0000 583 130 0.2230
17255.0000 584 130 0.2226
17283.7000 584 131 0.2243
17288.0000 585 131 0.2239
17317.0000 586 131 0.2235
17348.0000 587 131 0.2232
17348.7000 587 132 0.2249
17380.0000 588 132 0.2245
17405.0000 589 132 0.2241
17439.0000 590 132 0.2237
17471.0000 591 132 0.2234
17501.0000 592 132 0.2230
17523.7000 592 133 0.2247
17531.0000 593 133 0.2243
17556.0000 594 133 0.2239
17584.0000 595 133 0.2235
17603.1000 595 134 0.2252
17617.0000 596 134 0.2248
17618.2000 596 135 0.2265
17647.0000 597 135 0.2261
17674.0000 598 135 0.2258
17705.0000 599 135 0.2254
17730.0000 600 135 0.2250
17755.0000 601 135 0.2246
17788.0000 602 135 0.2243
17813.0000 603 135 0.2239
17838.0000 604 135 0.2235
17863.0000 605 135 0.2231
17866.4000 605 136 0.2248
17892.0000 606 136 0.2244
17918.0000 607 136 0.2241
17950.0000 608 136 0.2237
17984.0000 609 136 0.2233
18017.0000 610 136 0.2230
18050.0000 611 136 0.2226
18075.0000 612 136 0.2222
18097.9000 612 137 0.2239
18101.0000 613 137 0.2235
18126.0000 614 137 0.2231
18157.0000 615 137 0.2228
18190.0000 616 137 0.2224
18219.0000 617 137 0.2220
18247.0000 618 137 0.2217
18281.0000 619 137 0.2213
18311.0000 620 137 0.2210
18337.0000 621 137 0.2206
18368.0000 622 137 0.2203
18399.0000 623 137 0.2199
18433.0000 624 137 0.2196
18460.0000 625 137 0.2192
18491.0000 626 137 0.2188
18521.0000 627 137 0.2185
18550.0000 628 137 0.2182
18583.0000 629 137 0.2178
18609.0000 630 137 0.2175
18637.0000 631 137 0.2171
18664.0000 632 137 0.2168
18692.0000 633 137 0.2164
18720.0000 634 137 0.2161
18748.0000 635 137 0.2157
18779.0000 636 137 0.2154
18810.0000 637 137 0.2151
18812.2000 637 138 0.2166
18841.0000 638 138 0.2163
18867.0000 639 138 0.2160
18901.0000 640 138 0.2156
18917.8000 640 139 0.2172
18929.0000 641 139 0.2168
18929.7000 641 140 0.2184
18961.0000 642 140 0.2181
18989.0000 643 140 0.2177
18993.8000 643 141 0.2193
19015.0000 644 141 0.2189
19041.0000 645 141 0.2186
19069.0000 646 141 0.2183
19098.0000 647 141 0.2179
19111.1000 647 142 0.2195
19123.0000 648 142 0.2191
19149.0000 649 142 0.2188
19181.0000 650 142 0.2185
19202.4000 650 143 0.2200
19206.0000 651 143 0.2197
19232.0000 652 143 0.2193
19265.0000 653 143 0.2190
19293.0000 654 143 0.2187
19324.0000 655 143 0.2183
19324.3000 655 144 0.2198
19352.0000 656 144 0.2195
19378.0000 657 144 0.2192
19405.0000 658 144 0.2188
19430.0000 659 144 0.2185
19456.0000 660 144 0.2182
19482.0000 661 144 0.2179
19506.2000 661 145 0.2194
19508.0000 662 145 0.2190
19535.0000 663 145 0.2187
19560.0000 664 145 0.2184
19594.0000 665 145 0.2180
19625.0000 666 145 0.2177
19639.7000 666 146 0.2192
19657.0000 667 146 0.2189
19686.6000 667 147 0.2204
19690.0000 668 147 0.2201
19723.0000 669 147 0.2197
19753.0000 670 147 0.2194
19782.0000 671 147 0.2191
19810.0000 672 147 0.2188
19837.0000 673 147 0.2184
19871.0000 674 147 0.2181
19899.7000 674 148 0.2196
19902.0000 675 148 0.2193
19936.0000 676 148 0.2189
19957.6000 676 149 0.2204
19965.0000 677 149 0.2201
19992.0000 678 149 0.2198
20024.0000 679 149 0.2194
20055.0000 680 149 0.2191
20080.0000 681 149 0.2188
20110.0000 682 149 0.2185
20142.0000 683 149 0.2182
20170.0000 684 149 0.2178
20204.0000 685 149 0.2175
20232.0000 686 149 0.2172
20260.0000 687 149 0.2169
20288.0000 688 149 0.2166
20322.0000 689 149 0.2163
20354.0000 690 149 0.2159
20379.0000 691 149 0.2156
20387.1000 691 150 0.2171
20408.0000 692 150 0.2168
20438.0000 693 150 0.2165
20441.9000 693 151 0.2179
20470.0000 694 151 0.2176
20503.0000 695 151 0.2173
20528.0000 696 151 0.2170
20560.0000 697 151 0.2166
20586.0000 698 151 0.2163
20614.0000 699 151 0.2160
20642.0000 700 151 0.2157
20668.0000 701 151 0.2154
20669.7000 701 152 0.2168
20697.0000 702 152 0.2165
20731.0000 703 152 0.2162
20758.0000 704 152 0.2159
20784.0000 705 152 0.2156
20798.7000 705 153 0.2170
20798.8000 705 154 0.2184
20810.0000 706 154 0.2181
20820.1000 706 155 0.2195
20841.0000 707 155 0.2192
20866.0000 708 155 0.2189
20872.7000 708 156 0.2203
20877.0000 708 157 0.2218
20881.2000 708 158 0.2232
20896.0000 709 158 0.2228
20926.0000 710 158 0.2225
20953.0000 711 158 0.2222
20983.0000 712 158 0.2219
21015.0000 713 158 0.2216
21042.0000 714 158 0.2213
21067.0000 715 158 0.2210
21096.0000 716 158 0.2207
21124.0000 717 158 0.2204
21158.0000 718 158 0.2201
21177.2000 718 159 0.2214
21189.1000 718 160 0.2228
21192.0000 719 160 0.2225
21226.0000 720 160 0.2222
21260.0000 721 160 0.2219
21286.0000 722 160 0.2216
21315.0000 723 160 0.2213
21344.0000 724 160 0.2210
21373.0000 725 160 0.2207
21400.0000 726 160 0.2204
21431.0000 727 160 0.2201
21461.0000 728 160 0.2198
21488.0000 729 160 0.2195
21503.4000 729 161 0.2209
21516.0000 730 161 0.2205
21550.0000 731 161 0.2202
21565.8000 731 162 0.2216
21575.0000 732 162 0.2213
21602.0000 733 162 0.2210
21605.3000 733 163 0.2224
21636.0000 734 163 0.2221
21669.0000 735 163 0.2218
21702.0000 736 163 0.2215
21714.4000 736 164 0.2228
21731.0000 737 164 0.2225
21738.5000 737 165 0.2239
21742.0000 737 166 0.2252
21764.0000 738 166 0.2249
21789.0000 739 166 0.2246
21816.0000 740 166 0.2243
21848.0000 741 166 0.2240
21879.0000 742 166 0.2237
21909.0000 743 166 0.2234
21938.0000 744 166 0.2231
21971.0000 745 166 0.2228
22005.0000 746 166 0.2225
22034.0000 747 166 0.2222
22058.9000 747 167 0.2236
22065.0000 748 167 0.2233
22092.0000 749 167 0.2230
22119.0000 750 167 0.2227
22153.0000 751 167 0.2224
22182.0000 752 167 0.2221
22213.0000 753 167 0.2218
22245.0000 754 167 0.2215
22276.2000 754 168 0.2228
22276.7000 754 169 0.2241
22278.0000 755 169 0.2238
22311.0000 756 169 0.2235
22345.0000 757 169 0.2232
22379.0000 758 169 0.2230
22413.0000 759 169 0.2227
22433.8000 759 170 0.2240
22439.0000 760 170 0.2237
22464.0000 761 170 0.2234
22469.1000 761 171 0.2247
22497.0000 762 171 0.2244
22525.0000 763 171 0.2241
22554.0000 764 171 0.2238
22558.9000 764 172 0.2251
22585.0000 765 172 0.2248
22613.0000 766 172 0.2245
22645.0000 767 172 0.2243
22676.0000 768 172 0.2240
22703.0000 769 172 0.2237
22735.0000 770 172 0.2234
22765.0000 771 172 0.2231
22796.0000 772 172 0.2228
22823.0000 773 172 0.2225
22850.0000 774 172 0.2222
22882.0000 775 172 0.2219
22915.0000 776 172 0.2216
22943.3000 776 173 0.2229
22946.0000 777 173 0.2227
22980.0000 778 173 0.2224
23007.0000 779 173 0.2221
23038.0000 780 173 0.2218
23066.0000 781 173 0.2215
23100.0000 782 173 0.2212
23131.0000 783 173 0.2209
23159.0000 784 173 0.2207
23189.0000 785 173 0.2204
23221.0000 786 173 0.2201
23255.0000 787 173 0.2198
23282.0000 788 173 0.2195
23314.0000 789 173 0.2193
23346.0000 790 173 0.2190
23377.0000 791 173 0.2187
23409.0000 792 173 0.2184
23441.0000 793 173 0.2182
23475.0000 794 173 0.2179
23502.0000 795 173 0.2176
23531.0000 796 173 0.2173
23556.0000 797 173 0.2171
23584.0000 798 173 0.2168
23587.6000 798 174 0.2180
23618.0000 799 174 0.2178
23644.0000 800 174 0.2175
23676.0000 801 174 0.2172
23704.0000 802 174 0.2170
23732.0000 803 174 0.2167
23759.0000 804 174 0.2164
23784.0000 805 174 0.2161
23812.0000 806 174 0.2159
23837.0000 807 174 0.2156
23839.1000 807 175 0.2169
23863.0000 808 175 0.2166
23879.2000 808 176 0.2178
23891.0000 809 176 0.2176
23924.0000 810 176 0.2173
23958.0000 811 176 0.2170
23983.0000 812 176 0.2167
24010.0000 813 176 0.2165
24039.0000 814 176 0.2162
24069.0000 815 176 0.2160
24095.0000 816 176 0.2157
24119.1000 816 177 0.2169
24125.0000 817 177 0.2166
24154.0000 818 177 0.2164
24183.0000 819 177 0.2161
24217.0000 820 177 0.2159
24247.0000 821 177 0.2156
24272.0000 822 177 0.2153
24298.0000 823 177 0.2151
24328.0000 824 177 0.2148
24359.0000 825 177 0.2145
24385.0000 826 177 0.2143
24401.2000 826 178 0.2155
24413.0000 827 178 0.2152
24438.0000 828 178 0.2150
24464.0000 829 178 0.2147
24494.0000 830 178 0.2145
24524.0000 831 178 0.2142
24555.0000 832 178 0.2139
24581.0000 833 178 0.2137
24610.0000 834 178 0.2134
24643.0000 835 178 0.2132
24672.0000 836 178 0.2129
24699.0000 837 178 0.2127
24726.0000 838 178 0.2124
24758.0000 839 178 0.2122
24765.7000 839 179 0.2133
24792.0000 840 179 0.2131
24812.5000 840 180 0.2143
24826.0000 841 180 0.2140
24859.0000 842 180 0.2138
24890.0000 843 180 0.2135
24921.0000 844 180 0.2133
24952.0000 845 180 0.2130
24983.0000 846 180 0.2128
25011.0000 847 180 0.2125
25039.0000 848 180 0.2123
25065.0000 849 180 0.2120
25095.0000 850 180 0.2118
25100.3000 850 181 0.2129
25122.0000 851 181 0.2127
25150.1000 851 182 0.2139
25151.8000 851 183 0.2150
25156.0000 852 183 0.2148
25186.4000 852 184 0.2160
25188.0000 853 184 0.2157
25213.0000 854 184 0.2155
25246.0000 855 184 0.2152
25273.0000 856 184 0.2150
25301.0000 857 184 0.2147
25328.0000 858 184 0.2145
25355.9000 858 185 0.2156
25361.0000 859 185 0.2154
25366.7000 859 186 0.2165
25394.0000 860 186 0.2163
25424.0000 861 186 0.2160
25450.0000 862 186 0.2158
25478.0000 863 186 0.2155
25512.0000 864 186 0.2153
25543.0000 865 186 0.2150
25570.0000 866 186 0.2148
25604.0000 867 186 0.2145
25633.0000 868 186 0.2143
25666.0000 869 186 0.2140
25695.0000 870 186 0.2138
25728.0000 871 186 0.2135
25759.0000 872 186 0.2133
25786.0000 873 186 0.2131
25804.1000 873 187 0.2142
25815.0000 874 187 0.2140
25844.0000 875 187 0.2137
25875.0000 876 187 0.2135
25908.0000 877 187 0.2132
25933.0000 878 187 0.2130
25962.0000 879 187 0.2127
25991.0000 880 187 0.2125
26022.0000 881 187 0.2123
26051.0000 882 187 0.2120
26079.0000 883 187 0.2118
26106.0000 884 187 0.2115
26133.0000 885 187 0.2113
26167.0000 886 187 0.2111
26199.0000 887 187 0.2108
26232.0000 888 187 0.2106
26257.0000 889 187 0.2103
26290.0000 890 187 0.2101
26320.0000 891 187 0.2099
26348.0000 892 187 0.2096
26378.0000 893 187 0.2094
26406.6000 893 188 0.2105
26411.0000 894 188 0.2103
26437.0000 895 188 0.2101
26471.0000 896 188 0.2098
26502.0000 897 188 0.2096
26532.0000 898 188 0.2094
26557.0000 899 188 0.2091
26585.0000 900 188 0.2089
26613.0000 901 188 0.2087
26643.0000 902 188 0.2084
26677.0000 903 188 0.2082
26704.0000 904 188 0.2080
26712.8000 904 189 0.2091
26737.0000 905 189 0.2088
26766.0000 906 189 0.2086
26791.0000 907 189 0.2084
26819.0000 908 189 0.2081
26849.0000 909 189 0.2079
26874.2000 909 190 0.2090
26875.7000 909 191 0.2101
26877.0000 910 191 0.2099
26907.0000 911 191 0.2097
26932.0000 912 191 0.2094
26960.0000 913 191 0.2092
26961.4000 913 192 0.2103
26989.0000 914 192 0.2101
27013.1000 914 193 0.2112
27021.0000 915 193 0.2109
27049.0000 916 193 0.2107
27083.0000 917 193 0.2105
27114.0000 918 193 0.2102
27131.7000 918 194 0.2113
27143.0000 919 194 0.2111
27172.0000 920 194 0.2109
27200.0000 921 194 0.2106
27225.0000 922 194 0.2104
27256.0000 923 194 0.2102
27285.0000 924 194 0.2100
27291.5000 924 195 0.2110
27318.0000 925 195 0.2108
27350.0000 926 195 0.2106
27375.0000 927 195 0.2104
27407.0000 928 195 0.2101
27439.0000 929 195 0.2099
27447.1000 929 196 0.2110
27472.0000 930 196 0.2108
27498.0000 931 196 0.2105
27531.0000 932 196 0.2103
27564.0000 933 196 0.2101
27593.0000 934 196 0.2099
27627.0000 935 196 0.2096
27656.0000 936 196 0.2094
27685.0000 937 196 0.2092
27718.0000 938 196 0.2090
27752.0000 939 196 0.2087
27786.0000 940 196 0.2085
27811.0000 941 196 0.2083
27845.0000 942 196 0.2081
27877.0000 943 196 0.2078
27902.0000 944 196 0.2076
27933.0000 945 196 0.2074
27963.0000 946 196 0.2072
27996.0000 947 196 0.2070
28025.0000 948 196 0.2068
28056.0000 949 196 0.2065
28090.0000 950 196 0.2063
28119.0000 951 196 0.2061
28148.0000 952 196 0.2059
28181.0000 953 196 0.2057
28206.0000 954 196 0.2055
28223.0000 954 197 0.2065
28231.0000 955 197 0.2063
28259.0000 956 197 0.2061
28292.0000 957 197 0.2059
28321.0000 958 197 0.2056
28348.0000 959 197 0.2054
28375.0000 960 197 0.2052
28407.0000 961 197 0.2050
28432.0000 962 197 0.2048
28465.0000 963 197 0.2046
28492.0000 964 197 0.2044
28519.0000 965 197 0.2041
28550.0000 966 197 0.2039
28552.2000 966 198 0.2050
28576.0000 967 198 0.2048
28608.0000 968 198 0.2045
28640.0000 969 198 0.2043
28656.3000 969 199 0.2054
28668.0000 970 199 0.2052
28695.0000 971 199 0.2049
28720.0000 972 199 0.2047
28721.1000 972 200 0.2058
28751.0000 973 200 0.2055
28755.9000 973 201 0.2066
28782.0000 974 201 0.2064
28814.0000 975 201 0.2062
28836.6000 975 202 0.2072
28846.0000 976 202 0.2070
28875.0000 977 202 0.2068
28904.0000 978 202 0.2065
28934.0000 979 202 0.2063
28967.0000 980 202 0.2061
29000.0000 981 202 0.2059
29034.0000 982 202 0.2057
29059.0000 983 202 0.2055
29093.0000 984 202 0.2053
29118.0000 985 202 0.2051
29146.0000 986 202 0.2049
29161.9000 986 203 0.2059
29174.0000 987 203 0.2057
29199.0000 988 203 0.2055
29224.4000 988 204 0.2065
29226.0000 989 204 0.2063
29252.0000 990 204 0.2061
29278.0000 991 204 0.2059
29312.0000 992 204 0.2056
29340.0000 993 204 0.2054
29374.0000 994 204 0.2052
29405.0000 995 204 0.2050
29438.0000 996 204 0.2048
29452.7000 996 205 0.2058
29469.0000 997 205 0.2056
29494.0000 998 205 0.2054
29510.4000 998 206 0.2064
29521.7000 998 207 0.2074
29525.0000 999 207 0.2072
29554.0000 1000 207 0.2070
29583.0000 1001 207 0.2068
29610.0000 1002 207 0.2066
29635.0000 1003 207 0.2064
29660.7000 1003 208 0.2074
29669.0000 1004 208 0.2072
29702.0000 1005 208 0.2070
29716.3000 1005 209 0.2080
29728.0000 1006 209 0.2078
29753.0000 1007 209 0.2075
29772.5000 1007 210 0.2085
29785.0000 1008 210 0.2083
29818.0000 1009 210 0.2081
29846.0000 1010 210 0.2079
29875.0000 1011 210 0.2077
29909.0000 1012 210 0.2075
29934.0000 1013 210 0.2073
29961.0000 1014 210 0.2071
29974.2000 1014 211 0.2081
29995.0000 1015 211 0.2079
30029.0000 1016 211 0.2077
30059.0000 1017 211 0.2075
30091.0000 1018 211 0.2073
30122.0000 1019 211 0.2071
30147.0000 1020 211 0.2069
30180.0000 1021 211 0.2067
30208.0000 1022 211 0.2065
30237.0000 1023 211 0.2063
30271.0000 1024 211 0.2061
30298.0000 1025 211 0.2059
30330.0000 1026 211 0.2057
30362.0000 1027 211 0.2055
30390.0000 1028 211 0.2053
30424.0000 1029 211 0.2051
30450.0000 1030 211 0.2049
30482.0000 1031 211 0.2047
30509.0000 1032 211 0.2045
30520.2000 1032 212 0.2054
30536.0000 1033 212 0.2052
30561.0000 1034 212 0.2050
30590.0000 1035 212 0.2048
30623.0000 1036 212 0.2046
30649.0000 1037 212 0.2044
30677.7000 1037 213 0.2054
30678.0000 1038 213 0.2052
30681.7000 1038 214 0.2062
30704.0000 1039 214 0.2060
30719.1000 1039 215 0.2069
30734.0000 1040 215 0.2067
30760.0000 1041 215 0.2065
30794.0000 1042 215 0.2063
30828.0000 1043 215 0.2061
30861.0000 1044 215 0.2059
30864.9000 1044 216 0.2069
30895.0000 1045 216 0.2067
30927.0000 1046 216 0.2065
30927.8000 1046 217 0.2075
30959.0000 1047 217 0.2073
30987.0000 1048 217 0.2071
31014.0000 1049 217 0.2069
31048.0000 1050 217 0.2067
31078.0000 1051 217 0.2065
31106.0000 1052 217 0.2063
31134.0000 1053 217 0.2061
31159.0000 1054 217 0.2059
31187.0000 1055 217 0.2057
31217.0000 1056 217 0.2055
31249.0000 1057 217 0.2053
31265.0000 1057 218 0.2062
31275.0000 1058 218 0.2060
31303.0000 1059 218 0.2059
31307.4000 1059 219 0.2068
31334.0000 1060 219 0.2066
31367.0000 1061 219 0.2064
31397.0000 1062 219 0.2062
31431.0000 1063 219 0.2060
31464.0000 1064 219 0.2058
31494.0000 1065 219 0.2056
31525.0000 1066 219 0.2054
31551.0000 1067 219 0.2052
31583.0000 1068 219 0.2051
31610.0000 1069 219 0.2049
31644.0000 1070 219 0.2047
31674.0000 1071 219 0.2045
31696.2000 1071 220 0.2054
31706.0000 1072 220 0.2052
31737.0000 1073 220 0.2050
31768.0000 1074 220 0.2048
31794.0000 1075 220 0.2047
31794.7000 1075 221 0.2056
31796.3000 1075 222 0.2065
31820.0000 1076 222 0.2063
31850.0000 1077 222 0.2061
31881.0000 1078 222 0.2059
31915.0000 1079 222 0.2057
31948.0000 1080 222 0.2056
31960.2000 1080 223 0.2065
31976.0000 1081 223 0.2063
32001.0000 1082 223 0.2061
32031.0000 1083 223 0.2059
32065.0000 1084 223 0.2057
32093.0000 1085 223 0.2055
32122.0000 1086 223 0.2053
32154.0000 1087 223 0.2052
32181.0000 1088 223 0.2050
32212.0000 1089 223 0.2048
32243.0000 1090 223 0.2046
32269.0000 1091 223 0.2044
32294.0000 1092 223 0.2042
32326.0000 1093 223 0.2040
32353.0000 1094 223 0.2038
32387.0000 1095 223 0.2037
32417.0000 1096 223 0.2035
32451.0000 1097 223 0.2033
32485.0000 1098 223 0.2031
32516.0000 1099 223 0.2029
32550.0000 1100 223 0.2027
32579.0000 1101 223 0.2025
32609.3000 1101 224 0.2035
32611.0000 1102 224 0.2033
32618.4000 1102 225 0.2042
32638.0000 1103 225 0.2040
32667.0000 1104 225 0.2038
32677.2000 1104 226 0.2047
32694.0000 1105 226 0.2045
32726.0000 1106 226 0.2043
32760.0000 1107 226 0.2042
32790.0000 1108 226 0.2040
32815.0000 1109 226 0.2038
32848.0000 1110 226 0.2036
32876.0000 1111 226 0.2034
32902.0000 1112 226 0.2032
32934.0000 1113 226 0.2031
32960.0000 1114 226 0.2029
32991.0000 1115 226 0.2027
33000.1000 1115 227 0.2036
33013.2000 1115 228 0.2045
33023.0000 1116 228 0.2043
33057.0000 1117 228 0.2041
33082.0000 1118 228 0.2039
33109.0000 1119 228 0.2038
33137.0000 1120 228 0.2036
33168.0000 1121 228 0.2034
33196.0000 1122 228 0.2032
33223.0000 1123 228 0.2030
33227.2000 1123 229 0.2039
33254.0000 1124 229 0.2037
33279.0000 1125 229 0.2036
33305.0000 1126 229 0.2034
33330.0000 1127 229 0.2032
33354.0000 1127 230 0.2041
33357.0000 1128 230 0.2039
33389.0000 1129 230 0.2037
33415.0000 1130 230 0.2035
33448.0000 1131 230 0.2034
33482.0000 1132 230 0.2032
33510.0000 1133 230 0.2030
33541.6000 1133 231 0.2039
33543.0000 1134 231 0.2037
33571.0000 1135 231 0.2035
33605.0000 1136 231 0.2033
33632.0000 1137 231 0.2032
33664.0000 1138 231 0.2030
33694.0000 1139 231 0.2028
33719.0000 1140 231 0.2026
33753.0000 1141 231 0.2025
33783.0000 1142 231 0.2023
33811.0000 1143 231 0.2021
33839.0000 1144 231 0.2019
33870.0000 1145 231 0.2017
33903.0000 1146 231 0.2016
33929.0000 1147 231 0.2014
33957.0000 1148 231 0.2012
33984.0000 1149 231 0.2010
34012.0000 1150 231 0.2009
34037.0000 1151 231 0.2007
34067.0000 1152 231 0.2005
34095.0000 1153 231 0.2003
34098.7000 1153 232 0.2012
34121.0000 1154 232 0.2010
34147.0000 1155 232 0.2009
34151.6000 1155 233 0.2017
34172.0000 1156 233 0.2016
34204.0000 1157 233 0.2014
34237.0000 1158 233 0.2012
34268.0000 1159 233 0.2010
34298.0000 1160 233 0.2009
34329.0000 1161 233 0.2007
34354.0000 1162 233 0.2005
34361.9000 1162 234 0.2014
34379.0000 1163 234 0.2012
34408.0000 1164 234 0.2010
34420.0000 1164 235 0.2019
34435.0000 1165 235 0.2017
34462.8000 1165 236 0.2026
34467.0000 1166 236 0.2024
34493.0000 1166 237 0.2033
34494.0000 1167 237 0.2031
34525.0000 1168 237 0.2029
34552.0000 1169 237 0.2027
34579.0000 1170 237 0.2026
34611.0000 1171 237 0.2024
34636.0000 1172 237 0.2022
34668.0000 1173 237 0.2020
34695.0000 1174 237 0.2019
34728.0000 1175 237 0.2017
34762.0000 1176 237 0.2015
34788.0000 1177 237 0.2014
34813.5000 1177 238 0.2022
34822.0000 1178 238 0.2020
34851.0000 1179 238 0.2019
34882.0000 1180 238 0.2017
34909.5000 1180 239 0.2025
34913.0000 1181 239 0.2024
34941.0000 1182 239 0.2022
34968.0000 1183 239 0.2020
34996.0000 1184 239 0.2019
35022.0000 1185 239 0.2017
35048.0000 1186 239 0.2015
35075.0000 1187 239 0.2013
35103.0000 1188 239 0.2012
35124.4000 1188 240 0.2020
35134.0000 1189 240 0.2019
35167.0000 1190 240 0.2017
35192.0000 1191 240 0.2015
35217.0000 1192 240 0.2013
35248.0000 1193 240 0.2012
35279.9000 1193 241 0.2020
35281.0000 1194 241 0.2018
35315.0000 1195 241 0.2017
35349.0000 1196 241 0.2015
35374.0000 1197 241 0.2013
35393.9000 1197 242 0.2022
35403.0000 1198 242 0.2020
35416.2000 1198 243 0.2028
35436.0000 1199 243 0.2027
35459.5000 1199 244 0.2035
35468.0000 1200 244 0.2033
35494.0000 1201 244 0.2032
35528.0000 1202 244 0.2030
35553.0000 1203 244 0.2028
35585.0000 1204 244 0.2027
35616.0000 1205 244 0.2025
35646.0000 1206 244 0.2023
35676.0000 1207 244 0.2022
35685.0000 1207 245 0.2030
35709.0000 1208 245 0.2028
35738.0000 1208 246 0.2036
35739.0000 1209 246 0.2035
35764.0000 1210 246 0.2033
35789.0000 1211 246 0.2031
35822.0000 1212 246 0.2030
35851.0000 1213 246 0.2028
35883.0000 1214 246 0.2026
35910.0000 1215 246 0.2025
35938.0000 1216 246 0.2023
35970.0000 1217 246 0.2021
35998.0000 1218 246 0.2020
36023.0000 1219 246 0.2018
36049.0000 1220 246 0.2016
36080.0000 1221 246 0.2015
36094.0000 1221 247 0.2023
36107.0000 1222 247 0.2021
36137.0000 1223 247 0.2020
36164.0000 1224 247 0.2018
36195.0000 1225 247 0.2016
36227.0000 1226 247 0.2015
36252.0000 1227 247 0.2013
36278.0000 1228 247 0.2011
36305.0000 1229 247 0.2010
36333.0000 1230 247 0.2008
36358.0000 1231 247 0.2006
36389.0000 1232 247 0.2005
36391.8000 1232 248 0.2013
36405.1000 1232 249 0.2021
36420.2000 1232 250 0.2029
36423.0000 1233 250 0.2028
36457.0000 1234 250 0.2026
36486.0000 1235 250 0.2024
36520.0000 1236 250 0.2023
36548.0000 1237 250 0.2021
36577.0000 1238 250 0.2019
36606.0000 1239 250 0.2018
36632.0000 1240 250 0.2016
36666.0000 1241 250 0.2015
36697.0000 1242 250 0.2013
36726.0000 1243 250 0.2011
36755.0000 1244 250 0.2010
36784.0000 1245 250 0.2008
36817.0000 1246 250 0.2006
36849.0000 1247 250 0.2005
36883.0000 1248 250 0.2003
36917.0000 1249 250 0.2002
36926.8000 1249 251 0.2010
36948.0000 1250 251 0.2008
36980.0000 1251 251 0.2006
36998.6000 1251 252 0.2014
37006.0000 1252 252 0.2013
37039.0000 1253 252 0.2011
37067.0000 1254 252 0.2010
37093.0000 1255 252 0.2008
37126.0000 1256 252 0.2006
37156.0000 1257 252 0.2005
37184.0000 1258 252 0.2003
37215.0000 1259 252 0.2002
37247.0000 1260 252 0.2000
37272.0000 1261 252 0.1998
37300.0000 1262 252 0.1997
37326.0000 1263 252 0.1995
37337.5000 1263 253 0.2003
37354.0000 1264 253 0.2002
37382.0000 1265 253 0.2000
37414.0000 1266 253 0.1998
37440.0000 1267 253 0.1997
37470.0000 1268 253 0.1995
37503.0000 1269 253 0.1994
37533.0000 1270 253 0.1992
37538.2000 1270 254 0.2000
37560.0000 1271 254 0.1998
37587.5000 1271 255 0.2006
37594.0000 1272 255 0.2005
37619.0000 1273 255 0.2003
37650.0000 1274 255 0.2002
37680.0000 1275 255 0.2000
37714.0000 1276 255 0.1998
37740.0000 1277 255 0.1997
37767.0000 1278 255 0.1995
37789.6000 1278 256 0.2003
37800.0000 1279 256 0.2002
37821.8000 1279 257 0.2009
37831.0000 1280 257 0.2008
37863.0000 1281 257 0.2006
37896.0000 1282 257 0.2005
37899.0000 1282 258 0.2012
37922.0000 1283 258 0.2011
37949.0000 1284 258 0.2009
37974.0000 1285 258 0.2008
38000.0000 1286 258 0.2006
38026.0000 1287 258 0.2005
38059.0