#the average network overhead for each message during the whole simulation
from to hops
  76   70 4.0000
  88   13 3.0000
  51   33 7.0000
  27   22 6.0000
  17   28 6.0000
  51   77 3.0000
  17   28 8.0000
  84   88 5.0000
  17   28 6.0000
  81    1 3.0000
   2   68 6.0000
  32   67 6.0000
  23   56 1.0000
  80    6 4.0000
  27   50 7.0000
  84   88 5.0000
  95   75 6.0000
  35   47 3.0000
  32   67 5.0000
  14    2 6.0000
  98   46 4.0000
  38   50 6.0000
  95   75 3.0000
  64   77 2.0000
  80    6 3.0000
  28    6 3.0000
  98   46 6.0000
 100   23 5.0000
  28   35 5.0000
  27   22 5.0000
  51   33 4.0000
  10   55 5.0000
  28   35 6.0000
  36   23 5.0000
  76   70 12.0000
  98   46 8.0000
  30   28 4.0000
  74   16 1.0000
  80    6 5.0000
  86   78 7.0000
  37   81 3.0000
  38   50 2.0000
  57   28 8.0000
  57   28 3.0000
  34   11 4.0000
  65   36 4.0000
  51   33 9.0000
  34   11 5.0000
  43    3 3.0000
   0   93 7.0000
  39  101 10.0000
  10   55 5.0000
  14    2 3.0000
  23   32 2.0000
 100   23 3.0000
  51   33 4.0000
  51   33 6.0000
  84   88 4.0000
  36   23 3.0000
  36   23 8.0000
  32    1 5.0000
  80    6 8.0000
  64   46 8.0000
  82   93 3.0000
  84   88 12.0000
  93   96 1.0000
  67   86 10.0000
  86   78 3.0000
  64   46 4.0000
  98   46 7.0000
  39  101 8.0000
  10   55 6.0000
  70   48 2.0000
 102   82 2.0000
  36   23 7.0000
  64   46 4.0000
  39  101 4.0000
 102   53 4.0000
  51   33 9.0000
  23   56 7.0000
  39  101 11.0000
  81    1 11.0000
 100   23 5.0000
  51   33 5.0000
   0   93 7.0000
  13   91 3.0000
  86   78 7.0000
  27   22 5.0000
  41   34 6.0000
  83    3 2.0000
  86   78 5.0000
  36   23 4.0000
  82  104 4.0000
  76   70 8.0000
  76   70 9.0000
  28   35 9.0000
  75   24 4.0000
  51   33 6.0000
 100   23 3.0000
  95   75 3.0000
  52    4 2.0000
 102   53 4.0000
  80    6 9.0000
  98   46 3.0000
  27   48 4.0000
  41   34 1.0000
  76   70 8.0000
  23   56 2.0000
  17   28 4.0000
   2   68 6.0000
  23   56 5.0000
  76   70 10.0000
  14    2 2.0000
  39  101 11.0000
  51   33 13.0000
  80    6 4.0000
  84   88 4.0000
  98   46 9.0000
  23   56 6.0000
  82  104 2.0000
  38   50 8.0000
  28   35 9.0000
  82   93 3.0000
  36   23 6.0000
  10    9 3.0000
  36   23 12.0000
  64   46 10.0000
  34   11 6.0000
  65   36 1.0000
  60   96 1.0000
 102   53 4.0000
  34   11 5.0000
  25   87 1.0000
 100   23 6.0000
  80    6 4.0000
  60   11 3.0000
  51   33 4.0000
  27   22 6.0000
  37   81 3.0000
  81    1 10.0000
  17   28 4.0000
  73   81 2.0000
  57   28 8.0000
  52    4 3.0000
  36   92 3.0000
  31   46 2.0000
  51   77 4.0000
  71   18 1.0000
  64   46 6.0000
  14   41 2.0000
  76   70 4.0000
  76   70 4.0000
  57   28 4.0000
  67   86 8.0000
  51   33 3.0000
  75   24 12.0000
  98   46 5.0000
  86   78 5.0000
  57   28 8.0000
  39  101 3.0000
  10    9 3.0000
  12   78 4.0000
  17   28 2.0000
  98   46 6.0000
  43    3 5.0000
  10   55 3.0000
  23   32 2.0000
  15   60 3.0000
  23   56 14.0000
  23   56 7.0000
  81    1 4.0000
  12   86 1.0000
  64   46 5.0000
  84   88 8.0000
  36   23 9.0000
  32   67 5.0000
  51   33 6.0000
  64   46 7.0000
  51   33 4.0000
  37   81 1.0000
  38   50 7.0000
  38   50 5.0000
  80    6 9.0000
  57   28 9.0000
  36   23 3.0000
  67   86 9.0000
  36   23 3.0000
  80    6 3.0000
 100   23 6.0000
  70   17 2.0000
  38   50 6.0000
  86   78 6.0000
  95   58 5.0000
  84   88 9.0000
  82   62 2.0000
  53   29 1.0000
  57   64 6.0000
  95   75 7.0000
  36   23 5.0000
  34   87 4.0000
  67   86 7.0000
  95   75 3.0000
  51   33 15.0000
  10    9 3.0000
  65   36 3.0000
  98   46 8.0000
  51   33 5.0000
  82   93 7.0000
  36   23 4.0000
  57   28 8.0000
  44   69 3.0000
 100   23 7.0000
  23   56 6.0000
  57   28 8.0000
  75   24 7.0000
  53   39 7.0000
  95   75 8.0000
  98   46 7.0000
  39  101 7.0000
 102   82 3.0000
  75   24 6.0000
  36   23 9.0000
  57   28 1.0000
  23   56 6.0000
  37   81 4.0000
  43    3 1.0000
  10   55 6.0000
 102   82 5.0000
  95   75 4.0000
  86   78 2.0000
  36   23 4.0000
  64   46 7.0000
  64   46 12.0000
  82   62 2.0000
  24    9 2.0000
  39  101 6.0000
  95   75 2.0000
  36   23 7.0000
  39  101 7.0000
  76   70 3.0000
  51   77 4.0000
  39  101 8.0000
  84   88 2.0000
  38   50 3.0000
  64   77 3.0000
  86   78 4.0000
  75   24 6.0000
  27   50 5.0000
  98   46 3.0000
  86   78 8.0000
  76   70 6.0000
  86   78 4.0000
  65   36 6.0000
  28   35 6.0000
  27   22 3.0000
  95   58 3.0000
  10   55 3.0000
  51   33 12.0000
  36   23 6.0000
  83    3 4.0000
  17   28 6.0000
  39  101 1.0000
  51   33 15.0000
  10    9 4.0000
  82   62 2.0000
  97    9 2.0000
 100   42 1.0000
  51   33 3.0000
  67   86 5.0000
  74   16 5.0000
  95   75 2.0000
  23   56 8.0000
  36   92 3.0000
  27   50 7.0000
  34   11 4.0000
  36   23 9.0000
  17   28 3.0000
  60   11 4.0000
  57   28 5.0000
  20   39 1.0000
  51   33 7.0000
  36   23 4.0000
  39  101 7.0000
  18   21 2.0000
 100   23 6.0000
  27   50 7.0000
  28   35 6.0000
  36   23 8.0000
  28   35 5.0000
  12   78 2.0000
   2   68 6.0000
 102   82 5.0000
  60   11 1.0000
  99   77 1.0000
  80    6 5.0000
  64   59 5.0000
  17   28 5.0000
  51   33 4.0000
  36   23 4.0000
  44   70 8.0000
  51   33 8.0000
  38   50 7.0000
  44    6 5.0000
  76   70 5.0000
  14    2 5.0000
  17   28 11.0000
  51   33 2.0000
  39  101 8.0000
  10    9 5.0000
  28   35 5.0000
  84   88 9.0000
  81    1 5.0000
  30   28 4.0000
  82   13 2.0000
  86   78 8.0000
 102   53 5.0000
  39  101 4.0000
  28   35 7.0000
  44    6 2.0000
  82   93 3.0000
  10   55 5.0000
  39  101 12.0000
  53   39 1.0000
  98   46 7.0000
 100   23 5.0000
  95   58 3.0000
  84   88 7.0000
 102   82 1.0000
  76   70 3.0000
  51   33 7.0000
  36   23 7.0000
  32   67 5.0000
 100   23 4.0000
  34   87 4.0000
  32   67 1.0000
  51   33 7.0000
  82   13 2.0000
  27   50 7.0000
 100   23 6.0000
 102   82 2.0000
  84   88 7.0000
  65   36 6.0000
  95   75 6.0000
  64   46 9.0000
  96   76 2.0000
  27   50 1.0000
  79   30 2.0000
   0   93 4.0000
  51   33 13.0000
  84   88 1.0000
  75   24 12.0000
  39  101 7.0000
   2   68 6.0000
  51   33 5.0000
  51   33 9.0000
  81    1 7.0000
  64   46 9.0000
  65   36 6.0000
  59   80 3.0000
  95   58 4.0000
  36   23 7.0000
  67   86 11.0000
  95   75 4.0000
  39  101 4.0000
  57   28 3.0000
  67   86 10.0000
  39  101 4.0000
  82  104 3.0000
  44    6 1.0000
  67   86 8.0000
  44   69 3.0000
  84   88 6.0000
  76   70 4.0000
  20   21 1.0000
  80    6 3.0000
  76   70 13.0000
  39  101 8.0000
  97   11 1.0000
  27   22 5.0000
  23   56 3.0000
  80    6 2.0000
  32    1 5.0000
  23   56 10.0000
  64   46 6.0000
  17   20 4.0000
  32   67 3.0000
  10   55 3.0000
  80    6 5.0000
  51   33 3.0000
  81    1 9.0000
  36  102 1.0000
  20   21 4.0000
 100   23 6.0000
  37   81 12.0000
  76   70 6.0000
  28   35 2.0000
  59   80 5.0000
  27   50 7.0000
  23   56 16.0000
  41   34 3.0000
  86   78 1.0000
  23   56 6.0000
  39  101 3.0000
  51   33 11.0000
  76   70 3.0000
  95   75 5.0000
  30   28 5.0000
  75   24 4.0000
  51   33 5.0000
  76   70 12.0000
  39  101 8.0000
  93   96 3.0000
  94   86 1.0000
  64   46 6.0000
  84   88 11.0000
  36   92 1.0000
  54   26 1.0000
  53   39 7.0000
  64   46 7.0000
  36   23 5.0000
  13   91 4.0000
  17   28 6.0000
  23   56 4.0000
  10    9 5.0000
  53   39 6.0000
   0   93 1.0000
  46   30 2.0000
  39  101 8.0000
  39  101 8.0000
  17   28 3.0000
  55   31 1.0000
  82   13 2.0000
  51   33 10.0000
  27   50 7.0000
  34   87 3.0000
  80    6 3.0000
  74   16 4.0000
  27   22 4.0000
  37   81 3.0000
  81    1 2.0000
  14    2 2.0000
  65   36 8.0000
  82   41 1.0000
  80    6 5.0000
  53   39 6.0000
  95   58 5.0000
  44    6 4.0000
  82   93 4.0000
  44    6 3.0000
  67   86 5.0000
  58   64 1.0000
  67   86 4.0000
  81    1 8.0000
  23   56 4.0000
  57   28 8.0000
  83   74 3.0000
  76   70 13.0000
  90   24 3.0000
  38   50 3.0000
  38   50 7.0000
  98   46 5.0000
  28   35 8.0000
  94   76 1.0000
  64   46 2.0000
  95   75 3.0000
  81    1 10.0000
   0   93 6.0000
  51   33 4.0000
  36   23 6.0000
  64   46 7.0000
  37   81 2.0000
  75   92 1.0000
 100   42 2.0000
  32   67 8.0000
 102   53 4.0000
  23   56 7.0000
  27   50 7.0000
   1   95 1.0000
  76   70 7.0000
  84   88 7.0000
  95   58 6.0000
  75   24 7.0000
 102   82 4.0000
  23   56 6.0000
  95   58 6.0000
  67   51 1.0000
  38   50 8.0000
  98   46 5.0000
  39  101 7.0000
  80    6 6.0000
  82   65 2.0000
  39  101 6.0000
  17   28 8.0000
  14    2 4.0000
  57   28 4.0000
  17   12 1.0000
  81    1 5.0000
  84   88 10.0000
  70   48 2.0000
  39  101 4.0000
  57   28 5.0000
  76   10 1.0000
  95   58 4.0000
  81    1 8.0000
  14    2 7.0000
  28   35 9.0000
  28   35 8.0000
  39  101 5.0000
  36   23 4.0000
  64   46 3.0000
  52    4 1.0000
 100   23 4.0000
  28   35 7.0000
  44   69 2.0000
  64   46 6.0000
  28   35 5.0000
   2   68 6.0000
  64   46 4.0000
  36   23 5.0000
  70   48 2.0000
  36   23 3.0000
   1   41 1.0000
  36   23 13.0000
   3   64 1.0000
  39  101 11.0000
  23   56 5.0000
  27   22 3.0000
  51   77 2.0000
  76   70 15.0000
  27   22 3.0000
  76   70 5.0000
  34   87 4.0000
  65   36 7.0000
  75   24 8.0000
  80    6 3.0000
  24    9 1.0000
  57   28 3.0000
  41   34 6.0000
  57   28 8.0000
  98   46 3.0000
  13   91 2.0000
  39  101 3.0000
  70   17 1.0000
   0   93 5.0000
  23   56 6.0000
  86   78 5.0000
  76   70 4.0000
  39  101 6.0000
  55   31 3.0000
  64   46 7.0000
  53   39 6.0000
  32    1 6.0000
  37   97 1.0000
  51   33 8.0000
  39  101 5.0000
  38   50 6.0000
  57   28 4.0000
  64   46 12.0000
  39  101 6.0000
  36   23 4.0000
  34   87 4.0000
  80    6 10.0000
  75   24 5.0000
  57   28 5.0000
  52    4 2.0000
  70   84 2.0000
  39  101 4.0000
  17   28 8.0000
  95   75 6.0000
  23   56 14.0000
  95   75 6.0000
  20   21 2.0000
  38   50 8.0000
  95   75 5.0000
  23   56 6.0000
  28   35 6.0000
  80    6 8.0000
  36   92 3.0000
  65   36 3.0000
 100   23 4.0000
  23   56 2.0000
 100   23 5.0000
  57   28 4.0000
  36   23 5.0000
  66   11 4.0000
  57   28 6.0000
  64   46 6.0000
  75   24 1.0000
  27   22 6.0000
  98   46 4.0000
  36   23 8.0000
  24    9 2.0000
  39  101 6.0000
  39  101 5.0000
  28   35 2.0000
  36   23 6.0000
  44    6 3.0000
  80    6 10.0000
  51   33 12.0000
  51   33 5.0000
  70   17 2.0000
  55   31 3.0000
  28   35 6.0000
  64   46 8.0000
 100   23 6.0000
 102   53 4.0000
  90   24 9.0000
  28   35 9.0000
  80    6 6.0000
  36   23 4.0000
  84   88 10.0000
  27   22 5.0000
  57   28 5.0000
  28   35 9.0000
  76   70 12.0000
  51   33 7.0000
  67   86 8.0000
  67   86 7.0000
  28   35 4.0000
  24   66 2.0000
  67   86 1.0000
  51   33 2.0000
  51   33 2.0000
  27   22 4.0000
  80    6 7.0000
  74   70 1.0000
  57   64 3.0000
  98   46 3.0000
  32    1 6.0000
  95   58 4.0000
  39  101 5.0000
  73   81 3.0000
  86   78 4.0000
  67   86 4.0000
  96   76 3.0000
  17   28 2.0000
 102   82 3.0000
  75   24 7.0000
  17   28 9.0000
  51   33 4.0000
  39  101 19.0000
  43    3 5.0000
  39  101 8.0000
  36   23 9.0000
   0   93 9.0000
  86   78 9.0000
  39  101 5.0000
  27   22 6.0000
  80    6 7.0000
  86   78 6.0000
 102   82 6.0000
  51   33 4.0000
  14    2 2.0000
  84   88 10.0000
  67   86 9.0000
  86   78 4.0000
  14    2 4.0000
  64   59 4.0000
  17   28 3.0000
  65   36 8.0000
  86   78 4.0000
  98   46 5.0000
  17   28 6.0000
  65   36 9.0000
  98   46 1.0000
  43    3 5.0000
  39  101 6.0000
  76   70 12.0000
  76   70 12.0000
  84   88 3.0000
  28   35 5.0000
  23   56 16.0000
   3   74 3.0000
  53   39 6.0000
  28   35 6.0000
  51   33 3.0000
  53   39 6.0000
  82   93 4.0000
  28   35 6.0000
  58   59 1.0000
  28   35 2.0000
  36   92 5.0000
  86   78 5.0000
  36   23 5.0000
   0   93 6.0000
  17   28 8.0000
  36   23 5.0000
  30   28 3.0000
  14    2 4.0000
  84   88 6.0000
 100   23 7.0000
  95   58 3.0000
  51   33 9.0000
  86   78 7.0000
  15   60 2.0000
  95   58 5.0000
  66   20 1.0000
  17   28 3.0000
  36   92 3.0000
  39  101 7.0000
  84   88 7.0000
  64   46 3.0000
  84   88 11.0000
  17   28 1.0000
  36   23 9.0000
  90   24 6.0000
  39  101 8.0000
  27   50 9.0000
  32   67 6.0000
  76   70 6.0000
  34   11 3.0000
  64   46 7.0000
  67   86 4.0000
  28   35 3.0000
  80    6 1.0000
  44   70 2.0000
 100   23 3.0000
  82   93 5.0000
  76   70 15.0000
 102   82 8.0000
  39  101 9.0000
   2   68 4.0000
  98   46 4.0000
  27   22 2.0000
  65   36 5.0000
   0   93 6.0000
  44    6 5.0000
  64   46 8.0000
  70   17 2.0000
  65   36 4.0000
   0   93 8.0000
  98   46 5.0000
  65   36 4.0000
  51   33 4.0000
 102   53 4.0000
  90   24 6.0000
  76   70 13.0000
  98   46 4.0000
  41   34 6.0000
  39  101 20.0000
  98   19 1.0000
  20   21 5.0000
  39  101 9.0000
  66   11 7.0000
  88   13 4.0000
  84   88 2.0000
 102   53 3.0000
  86   78 8.0000
  67   86 5.0000
  17   20 1.0000
  39  101 12.0000
  57   28 3.0000
  84   88 3.0000
  98   46 5.0000
  86   78 8.0000
  65   36 8.0000
  67   86 3.0000
  39  101 4.0000
  39  101 7.0000
  81    1 6.0000
  80    6 6.0000
  14    2 3.0000
  51   33 6.0000
  57   28 6.0000
  43    3 5.0000
  37   81 3.0000
  84   88 4.0000
  51   33 5.0000
  38   50 4.0000
  17   28 2.0000
   0   93 10.0000
  77   99 2.0000
  60   11 5.0000
  67   86 12.0000
 102   82 4.0000
  64   46 8.0000
  36   23 8.0000
   0   93 3.0000
  17   28 5.0000
  39  101 4.0000
  36   23 2.0000
  86   78 8.0000
   2   68 1.0000
  86   78 8.0000
  98   46 6.0000
  80    6 7.0000
  76   70 8.0000
  86   78 3.0000
  67   86 4.0000
  38   50 6.0000
  79   30 3.0000
  84   88 4.0000
 102   67 1.0000
  57   28 4.0000
  39  101 6.0000
  23   56 8.0000
  55   31 3.0000
   0   94 1.0000
  23   56 8.0000
  98   46 6.0000
  49   80 1.0000
  44   70 4.0000
  17   28 5.0000
  95   75 3.0000
  23   56 4.0000
  86   78 3.0000
  27   50 7.0000
  39  101 3.0000
  39  101 4.0000
  67   86 2.0000
  81    1 6.0000
  92   89 2.0000
  51   33 4.0000
  17   28 6.0000
  17   19 2.0000
  86   78 8.0000
  82   65 2.0000
  32    1 2.0000
  51   33 2.0000
  14    2 7.0000
  51   33 9.0000
  27   22 7.0000
  64   46 2.0000
  51   33 9.0000
  23   56 7.0000
  23   56 16.0000
  59   80 4.0000
  98   46 8.0000
  51   33 8.0000
  90   79 1.0000
  76   70 2.0000
  27   22 5.0000
  23   56 4.0000
  36   23 11.0000
  98   46 6.0000
  66   11 4.0000
  82   65 3.0000
   1   41 2.0000
  98   46 6.0000
   2   68 2.0000
  95   58 6.0000
  80    6 8.0000
  34   87 4.0000
  34   11 2.0000
  57   28 8.0000
  52    4 3.0000
  67   86 5.0000
  38   50 1.0000
  76   70 12.0000
  60   11 3.0000
  27   50 6.0000
  86   78 2.0000
  36   92 2.0000
  59   80 5.0000
  23   56 5.0000
  99   77 2.0000
  82   62 2.0000
  64   46 7.0000
  36   23 9.0000
  81    1 7.0000
  41   34 4.0000
  32    1 7.0000
  37   81 5.0000
  84   88 4.0000
  93   96 2.0000
  57   64 4.0000
  64   46 5.0000
  76   70 6.0000
  15   60 2.0000
 102   53 5.0000
  32   67 5.0000
  75   24 3.0000
  80    6 8.0000
  17   28 8.0000
  95   75 5.0000
  27   22 5.0000
  86   78 9.0000
  86   78 5.0000
  51   77 2.0000
  76   70 3.0000
   0   93 8.0000
  30   28 3.0000
  51   33 8.0000
   0   93 4.0000
  57   28 2.0000
  44   70 7.0000
  97    9 3.0000
  76   70 9.0000
  36   23 5.0000
   0   93 5.0000
  32   67 2.0000
  23   56 4.0000
  81    1 6.0000
  17   28 9.0000
  64   46 8.0000
  81    1 10.0000
  28   35 6.0000
  23   56 3.0000
 100   23 2.0000
  10    9 5.0000
  39  101 8.0000
  51   33 2.0000
  28   35 3.0000
   2   68 5.0000
  81    1 10.0000
  84   88 6.0000
  28   35 9.0000
  43    3 4.0000
  95   58 5.0000
  64   46 6.0000
 102   53 5.0000
  39  101 3.0000
  38   50 8.0000
  86   78 6.0000
  74   16 5.0000
  23   56 5.0000
  39  101 8.0000
  84   88 7.0000
  28   35 4.0000
  80    6 6.0000
  38   50 9.0000
  81    1 4.0000
  64   59 5.0000
  25   30 1.0000
  27   22 7.0000
  57   64 1.0000
   0   93 7.0000
  51   33 3.0000
  17   20 4.0000
  38   50 4.0000
  27   22 2.0000
  23   56 6.0000
   2   68 5.0000
 100   23 4.0000
  67   51 2.0000
  23   56 7.0000
  32   67 5.0000
  36   23 2.0000
  75   24 7.0000
   0   93 6.0000
  32    1 4.0000
  37   81 4.0000
  81    1 6.0000
  80    6 6.0000
  43    3 6.0000
  27   22 3.0000
  82   93 6.0000
  98   46 6.0000
  98   46 7.0000
  75   24 5.0000
  36   23 8.0000
  44   70 8.0000
  44   70 8.0000
  57   28 9.0000
  10    9 3.0000
  57   28 3.0000
  17   28 9.0000
  80    6 6.0000
  36   23 3.0000
  76   70 4.0000
  12   78 3.0000
  84   88 4.0000
 100   23 4.0000
  93   90 1.0000
  84   88 7.0000
  53   39 3.0000
  23   56 6.0000
  28   35 7.0000
  82   13 2.0000
   0   93 5.0000
  23   56 12.0000
  43    3 5.0000
  86   78 4.0000
  80   10 1.0000
  98   46 6.0000
  32   67 7.0000
  81    1 3.0000
  51   33 3.0000
  65   36 3.0000
  23   56 9.0000
  98   46 6.0000
  10    9 5.0000
  57   28 8.0000
  38   50 8.0000
  17   28 2.0000
  10    9 5.0000
  98   46 6.0000
  31   46 1.0000
  76   70 13.0000
  97   22 1.0000
  17   28 4.0000
  44   70 4.0000
 100   23 5.0000
  67   86 3.0000
  39  101 8.0000
  80    6 3.0000
  27   22 5.0000
 102   82 4.0000
 102   53 4.0000
  41   34 6.0000
  17   28 9.0000
  23   56 2.0000
  75   24 3.0000
  23   56 5.0000
  23   56 6.0000
  90   24 5.0000
  64   46 4.0000
  36   23 3.0000
  23   56 6.0000
  39  101 20.0000
  34   11 3.0000
  23   56 3.0000
  64   46 6.0000
  23   56 7.0000
   0   93 8.0000
  23   56 4.0000
  51   33 5.0000
  57   64 2.0000
  39  101 8.0000
  82   93 2.0000
  15   60 5.0000
  67   86 9.0000
  96   76 3.0000
  64   77 2.0000
  51   77 3.0000
  70   48 2.0000
  51   33 6.0000
  27   48 3.0000
  24    9 3.0000
  39  101 6.0000
  27   22 6.0000
  67   86 5.0000
  92   89 2.0000
  44    6 4.0000
  23   56 16.0000
  39  101 5.0000
  72   19 1.0000
  38   50 8.0000
  57   28 8.0000
  39  101 3.0000
  51   33 4.0000
 102   82 4.0000
 101   30 1.0000
  86   78 4.0000
 102   53 5.0000
  51   33 3.0000
  82  104 2.0000
  96    3 1.0000
  75   24 10.0000
  98   46 8.0000
  98   46 8.0000
  84   88 9.0000
  95   75 3.0000
  32   67 9.0000
  38   50 5.0000
  36   23 4.0000
  58   64 2.0000
  84   88 6.0000
  23   56 6.0000
  64   46 6.0000
  27   50 3.0000
  23   56 5.0000
  84   88 10.0000
  12   78 5.0000
  75   24 6.0000
  35   47 1.0000
  12   78 2.0000
  82  104 2.0000
  23   56 4.0000
   6   80 1.0000
  28   35 3.0000
  76   70 11.0000
 102   82 4.0000
  38   50 4.0000
  51   33 4.0000
  10    9 3.0000
  65   36 3.0000
  96   76 4.0000
  41   34 3.0000
  57   64 5.0000
  84   88 7.0000
  53   39 4.0000
  35   47 3.0000
  64   46 6.0000
  23   56 7.0000
  51   33 6.0000
  36   23 5.0000
  76   70 2.0000
  36   23 4.0000
  39  101 8.0000
  64   46 4.0000
  65   36 5.0000
  76   70 10.0000
  76   70 3.0000
  76   70 5.0000
 100   23 6.0000
  11   79 1.0000
  80    6 4.0000
  86   78 7.0000
  36   23 9.0000
  81    1 11.0000
  98   46 6.0000
  14    2 5.0000
  28   35 7.0000
  23   56 6.0000
  41   34 6.0000
  39  101 4.0000
  82   65 3.0000
  84   88 9.0000
  75   24 5.0000
  32    1 2.0000
  51   33 5.0000
  75   24 6.0000
  98   46 5.0000
  95   58 2.0000
  51   33 4.0000
  75   24 4.0000
  10   55 5.0000
  80    6 7.0000
  67   86 4.0000
  41   34 2.0000
  14    2 3.0000
  82   93 4.0000
  43    3 3.0000
  23   56 5.0000
  51   33 7.0000
  59   80 4.0000
  92   89 3.0000
  41   34 7.0000
  36   92 3.0000
  36   23 2.0000
  36   92 3.0000
  41   34 3.0000
  75   24 7.0000
  39  101 8.0000
  23   56 10.0000
  64   46 12.0000
  32    1 5.0000
  80    6 6.0000
  17   28 4.0000
  23   56 7.0000
  28   35 10.0000
  41   34 2.0000
  37   81 6.0000
  27   22 5.0000
  80    6 7.0000
  27   22 5.0000
  39  101 13.0000
 100   23 7.0000
  23   56 7.0000
  88   13 3.0000
  43    3 2.0000
  82   93 6.0000
  75   24 3.0000
  39  101 7.0000
  31   29 1.0000
  80    6 4.0000
  57   28 4.0000
  41   34 2.0000
  53   39 2.0000
  99   77 2.0000
  36   23 4.0000
  98   46 5.0000
  64   59 5.0000
  73   81 1.0000
  28   35 11.0000
  75   24 7.0000
  36   23 9.0000
  75   24 3.0000
 100   23 6.0000
  32    1 1.0000
  75   24 2.0000
  28   35 9.0000
  32   67 4.0000
  14    2 5.0000
  51   33 3.0000
  23   56 6.0000
  82   93 6.0000
  53   39 8.0000
  82   93 3.0000
  39  101 11.0000
 102   82 3.0000
  51   33 6.0000
  57   64 2.0000
  95   75 4.0000
  95   58 4.0000
  36   23 3.0000
  98   46 6.0000
  82   65 3.0000
  27   48 3.0000
  82   65 2.0000
  82   62 2.0000
  57   28 4.0000
  32   67 10.0000
   2   68 6.0000
  95   58 5.0000
  44   70 4.0000
  27   22 3.0000
   5   59 1.0000
  67   86 5.0000
  17   28 6.0000
  64   46 5.0000
  75   24 7.0000
  15   60 1.0000
  28   35 10.0000
  10   55 2.0000
  51   33 12.0000
  39  101 7.0000
  51   77 1.0000
  39  101 6.0000
  27   48 1.0000
  98   46 8.0000
  28   35 4.0000
  36   92 3.0000
  51   33 6.0000
  36   92 3.0000
  51   33 9.0000
  36   23 4.0000
  86   78 5.0000
  36   92 5.0000
  36   23 8.0000
  66   91 1.0000
  51   33 10.0000
  76   70 13.0000
  39  101 4.0000
  64   46 7.0000
  82   62 2.0000
  82   13 1.0000
  51   33 5.0000
  86   78 8.0000
   5   59 2.0000
  38   50 3.0000
  36   23 6.0000
  10    9 5.0000
  53   39 6.0000
  76   70 1.0000
  28   35 7.0000
  38   50 2.0000
  36   23 4.0000
  57   28 4.0000
  60   11 2.0000
  80    6 12.0000
  75   24 6.0000
  76   70 6.0000
   0   93 8.0000
  39  101 8.0000
  57   28 4.0000
  39  101 10.0000
  28   35 7.0000
  36  102 3.0000
  51   33 5.0000
  39  101 8.0000
  86   78 6.0000
  36   23 9.0000
  38   50 7.0000
  37   81 10.0000
  80    6 5.0000
  65   36 6.0000
  86   78 6.0000
  53   39 4.0000
  51   33 5.0000
  80    6 9.0000
  51   33 5.0000
  84   18 1.0000
  27   22 5.0000
  82   62 2.0000
 104   89 1.0000
  51   33 9.0000
  39  101 3.0000
  65   36 10.0000
  23   56 3.0000
  91   27 3.0000
  80    6 6.0000
  14    2 3.0000
  10   55 3.0000
  10   55 2.0000
  10   55 5.0000
  64   46 8.0000
  34   87 4.0000
  86   78 6.0000
  84   88 5.0000
  67   86 9.0000
  27   22 4.0000
  84   88 5.0000
  44    6 4.0000
  17   28 9.0000
  57   28 8.0000
  67   86 2.0000
  36   23 8.0000
  28   35 6.0000
  67   86 6.0000
  36   23 2.0000
  17   28 5.0000
  76   70 13.0000
  28   35 7.0000
  36   23 9.0000
  67   86 6.0000
  51   33 6.0000
  27   22 5.0000
  23   32 2.0000
  27   50 7.0000
   0   93 6.0000
  32    1 3.0000
  39  101 14.0000
  80    6 5.0000
  36   23 3.0000
  41   71 2.0000
  64   46 6.0000
  95   75 7.0000
  95   75 6.0000
 100   23 7.0000
  98   46 6.0000
  51   33 10.0000
  86   78 5.0000
  64   46 1.0000
  95   75 5.0000
  17   28 5.0000
  84   88 10.0000
  64   46 4.0000
  34   11 3.0000
  17   28 5.0000
  95   58 6.0000
  34   87 4.0000
  81    1 9.0000
  36   23 3.0000
  41   34 7.0000
  20   21 4.0000
  84   88 6.0000
  81    1 6.0000
  79   30 1.0000
  80    6 10.0000
  51   33 2.0000
  75   24 5.0000
 102   53 5.0000
  27   50 3.0000
  36   23 5.0000
  39  101 5.0000
  64   46 9.0000
  84   88 4.0000
  80    6 6.0000
  75   24 7.0000
  80    6 2.0000
 100   23 4.0000
  36   92 3.0000
  38   50 8.0000
  38   50 6.0000
  53   39 4.0000
  36   23 3.0000
  64   46 11.0000
  95   58 7.0000
  75   24 12.0000
  64   59 1.0000
  95   75 2.0000
  57   64 5.0000
  36   23 5.0000
  23   56 3.0000
   3   74 2.0000
  76   70 7.0000
 102   53 4.0000
  51   33 6.0000
  39  101 4.0000
  64   46 6.0000
  80    6 6.0000
  28   35 4.0000
  51   33 4.0000
  36   23 7.0000
  44   70 3.0000
  17   28 4.0000
  17   28 9.0000
  80    6 8.0000
  98   46 5.0000
  84   88 8.0000
  39  101 4.0000
  76   70 9.0000
 100   23 2.0000
  80    6 7.0000
  28   35 3.0000
  51   33 5.0000
  98   46 4.0000
  27   48 2.0000
  10    9 4.0000
  38   50 7.0000
  10   55 5.0000
  76   70 9.0000
  36   23 4.0000
  84   88 4.0000
  67   86 8.0000
  36   23 3.0000
  88   13 1.0000
  75   24 6.0000
  17   28 3.0000
  10   55 5.0000
   2   68 2.0000
  77   99 1.0000
  23   56 7.0000
  23   56 6.0000
  34   87 3.0000
  36   23 3.0000
  28   35 8.0000
  57   28 4.0000
  76   70 5.0000
  53   39 6.0000
  81    1 5.0000
  75   24 5.0000
 100   23 3.0000
  80    6 4.0000
  66   11 3.0000
 102   53 5.0000
  90   24 8.0000
  76   70 5.0000
  76   70 5.0000
  84   88 4.0000
   0   93 8.0000
  76   70 7.0000
  70   84 2.0000
  76   70 4.0000
  28   35 2.0000
  39  101 8.0000
  28   35 5.0000
  81    1 8.0000
  10   55 1.0000
  28   35 5.0000
  80    6 7.0000
   0   93 8.0000
  14   93 3.0000
  36   23 4.0000
  67   86 5.0000
  23   56 5.0000
  95   75 4.0000
  57   28 6.0000
  39  101 9.0000
  86   78 7.0000
 102   53 5.0000
  76   70 3.0000
   8   25 1.0000
  82  104 3.0000
  27   22 5.0000
  82   62 1.0000
   3   74 1.0000
  36   23 3.0000
  39  101 2.0000
  28   35 9.0000
  14    2 4.0000
  70   48 1.0000
  81    1 5.0000
  51   33 5.0000
  39  101 8.0000
  23   56 6.0000
  28   35 8.0000
  95   58 4.0000
  27   50 7.0000
  58   64 3.0000
  76   70 16.0000
  67   86 5.0000
  53   39 6.0000
  14   31 1.0000
 100   42 2.0000
  36   23 6.0000
  51   33 9.0000
 102   82 6.0000
  70   84 1.0000
  64   46 9.0000
  53   39 7.0000
  76   70 4.0000
  75   24 4.0000
  74   16 2.0000
  76   70 6.0000
  39  101 5.0000
   0   93 9.0000
  39  101 8.0000
 100   23 2.0000
  96   76 4.0000
  20   21 4.0000
  80    6 7.0000
  38   50 4.0000
  44   70 6.0000
   0   93 7.0000
  98   46 5.0000
  23   56 6.0000
  36   23 6.0000
  75   24 8.0000
  46   30 1.0000
  10   55 2.0000
  57   64 4.0000
  57   28 8.0000
  45   98 2.0000
  57   64 3.0000
  34   87 4.0000
  37   81 10.0000
  75   24 6.0000
  64   77 1.0000
  75   24 6.0000
  76   70 4.0000
  23   56 5.0000
  58   64 2.0000
 100   23 5.0000
  75   24 6.0000
  14    2 6.0000
  82   93 3.0000
  75   24 7.0000
  28   35 4.0000
  82   62 2.0000
 102   53 1.0000
  28   35 9.0000
  39  101 4.0000
  84   88 3.0000
  39  101 7.0000
  23   55 1.0000
 100   23 2.0000
  65   36 6.0000
  64   46 9.0000
  23   56 6.0000
  36   23 4.0000
  39  101 5.0000
  38   50 4.0000
   0   93 5.0000
  64   46 9.0000
  74   16 3.0000
  74   16 3.0000
  27  104 1.0000
  39  101 8.0000
  51   33 4.0000
  28   35 4.0000
  51   33 4.0000
  51   33 4.0000
  28   35 9.0000
  28   35 4.0000
  44   70 3.0000
  51   33 6.0000
 100   23 8.0000
  36   23 3.0000
  27   50 4.0000
  24    9 2.0000
  34   11 5.0000
  57   28 9.0000
  76   70 3.0000
  82   93 5.0000
  98   46 3.0000
 102   82 7.0000
  76   70 8.0000
  57   28 8.0000
  38   50 3.0000
  64   46 6.0000
   0   93 5.0000
  36   23 5.0000
  27   22 7.0000
  27   50 9.0000
  28   35 9.0000
  95   58 3.0000
  39  101 9.0000
  38   50 3.0000
  39  101 9.0000
  35   47 4.0000
  80    6 5.0000
  51   33 9.0000
  53   39 5.0000
  80    6 4.0000
  57   28 8.0000
  36   23 7.0000
  27   50 2.0000
  67   86 3.0000
  39  101 8.0000
  98   46 5.0000
  86   78 5.0000
  81    1 6.0000
  70   17 3.0000
  51   33 9.0000
  10   55 2.0000
  58   59 5.0000
  51   33 3.0000
  64   46 9.0000
  53   39 6.0000
  75   24 7.0000
  64   46 10.0000
  75   24 7.0000
  70   17 2.0000
  51   33 4.0000
  27   48 3.0000
  36   23 5.0000
  34   11 5.0000
  30   28 5.0000
  28   35 9.0000
  12   78 4.0000
  84   88 5.0000
  57   28 8.0000
  39  101 14.0000
  82   93 4.0000
  82   93 5.0000
  38   50 5.0000
  51   77 3.0000
  28   35 9.0000
  28   35 9.0000
  17   28 5.0000
  86   78 5.0000
  38   50 7.0000
  76   70 12.0000
  36   23 5.0000
  14    2 6.0000
  28   35 3.0000
  80    6 3.0000
  82   93 2.0000
  17   28 10.0000
  36   23 6.0000
  27   50 7.0000
  51   33 6.0000
  98   46 4.0000
  86   78 8.0000
  28   35 1.0000
  28    6 2.0000
  36   23 4.0000
  57   28 2.0000
  67   86 3.0000
  76   70 8.0000
 102   53 5.0000
  10   55 5.0000
  36   92 3.0000
  39  101 5.0000
  57   28 3.0000
  67   86 5.0000
  57   28 7.0000
  67   86 2.0000
  51   33 7.0000
  28   35 3.0000
  39  101 8.0000
  67   86 8.0000
  82   93 4.0000
  51   33 3.0000
  95   75 7.0000
  98   46 6.0000
  80    6 5.0000
  12   78 3.0000
  82   62 2.0000
  51   33 14.0000
  13   91 3.0000
 102   82 6.0000
  84   88 4.0000
  23   56 3.0000
  41   34 3.0000
  37   81 6.0000
   0   93 5.0000
  67   86 9.0000
  86   78 7.0000
  98   46 6.0000
  67   86 4.0000
  51   33 6.0000
  98   46 3.0000
  60   11 4.0000
  51   33 6.0000
  65   36 7.0000
  30   28 3.0000
  95   75 7.0000
  39  101 18.0000
  64   46 7.0000
  28   35 5.0000
  17   28 7.0000
  10    9 2.0000
  84   88 6.0000
  82  104 4.0000
  51   33 5.0000
  98   46 4.0000
  57   28 3.0000
  38   50 9.0000
  36   23 3.0000
  54   77 1.0000
  79   30 4.0000
  64   46 4.0000
  28   35 6.0000
  81    1 5.0000
  27   22 2.0000
  23   32 1.0000
  73   81 3.0000
  95   58 4.0000
  39  101 4.0000
  53   39 6.0000
  39  101 3.0000
  38   50 8.0000
  10   55 4.0000
  64   46 6.0000
  27   22 4.0000
  57   64 3.0000
  51   33 5.0000
  27   50 2.0000
   0   93 7.0000
  64   46 4.0000
 100   23 7.0000
  82   65 1.0000
  23   56 7.0000
  17   28 6.0000
   0   93 8.0000
  27   22 5.0000
  81    1 9.0000
  41   34 7.0000
  84   88 9.0000
 102   53 5.0000
   0   93 4.0000
  39  101 7.0000
  98   46 5.0000
  74   16 4.0000
  64   80 1.0000
  14    2 7.0000
  51   33 3.0000
  51   33 9.0000
  76   70 10.0000
  86   78 6.0000
  17   28 5.0000
  36   23 3.0000
  84   88 12.0000
  39  101 8.0000
  36   23 5.0000
  51   33 5.0000
  36   13 1.0000
  53   39 2.0000
  34   39 1.0000
  39  101 5.0000
  96   76 4.0000
  57   28 8.0000
  37   81 9.0000
  81    1 5.0000
  28   35 2.0000
  36   23 6.0000
 102   53 3.0000
  38   50 6.0000
  80    6 3.0000
  27   22 5.0000
  34   11 4.0000
  36   23 7.0000
  39  101 7.0000
   0   93 9.0000
  12  101 1.0000
  93   96 2.0000
  83   74 3.0000
  80    6 8.0000
  86   78 7.0000
  82  104 2.0000
  64   46 8.0000
  36   92 3.0000
  76   70 5.0000
  84   88 9.0000
  38   50 4.0000
   0   93 7.0000
  34   11 5.0000
  81    1 8.0000
  81    1 6.0000
  15   19 1.0000
  14    2 5.0000
  44   69 2.0000
  44   70 2.0000
   0   93 6.0000
  37   81 2.0000
  23   56 7.0000
  39  101 5.0000
  81    1 6.0000
  23   56 7.0000
  51   77 3.0000
  27   22 5.0000
  98   46 4.0000
  80    6 5.0000
   0   93 5.0000
  38   50 8.0000
  95   58 5.0000
  75   24 7.0000
  30   28 6.0000
  86   78 6.0000
  23   32 2.0000
  34   39 2.0000
 100   23 9.0000
  41   34 2.0000
  57   64 3.0000
  17   28 6.0000
  14    2 3.0000
  39  101 6.0000
  23   56 5.0000
  36   23 7.0000
  76   70 4.0000
 100   23 3.0000
  39  101 4.0000
  95   75 5.0000
  80    6 4.0000
  57   28 2.0000
  82   93 4.0000
  36   92 3.0000
  66   11 8.0000
  23   55 2.0000
  14    2 3.0000
  66   11 4.0000
  80    6 6.0000
  95   58 7.0000
 100   23 8.0000
  80    6 4.0000
  67   86 5.0000
  80    6 2.0000
  65   36 2.0000
  64   46 8.0000
  51   33 7.0000
  36   23 4.0000
   0   93 5.0000
  64   46 13.0000
  34   87 3.0000
  60   11 2.0000
  28   35 11.0000
  28   35 9.0000
  43    3 5.0000
  81    1 7.0000
  82   65 2.0000
  38   50 8.0000
  23   56 7.0000
  51   33 10.0000
  39  101 14.0000
  27   48 4.0000
  23   56 8.0000
  23   56 5.0000
  76   70 12.0000
  27   22 4.0000
   0   93 8.0000
  64   46 5.0000
  66   11 5.0000
 102   82 3.0000
 102   10 1.0000
  64   46 5.0000
  84   88 3.0000
  17   28 9.0000
  81    1 5.0000
  86   78 3.0000
  36   92 3.0000
  75   24 7.0000
  36   92 4.0000
  10   55 3.0000
  41   34 3.0000
 102   53 4.0000
  80    6 6.0000
  64   46 5.0000
  36   23 4.0000
  80    6 5.0000
  14    2 7.0000
  17   28 11.0000
  36   23 6.0000
 102   53 5.0000
  76   70 16.0000
   0   93 6.0000
  65   36 2.0000
  39  101 5.0000
  14    2 2.0000
  10    9 1.0000
  96   76 1.0000
  81    1 3.0000
  36   23 6.0000
  17   28 10.0000
  23   56 7.0000
  57   28 8.0000
  86   78 6.0000
  67   86 4.0000
  84   88 9.0000
  53   39 6.0000
  84   88 8.0000
  28   35 3.0000
 102   13 2.0000
  82   62 3.0000
  74   16 3.0000
  80    6 8.0000
  39  101 9.0000
  13   91 2.0000
  29   87 1.0000
  59   80 2.0000
  86   78 5.0000
  30   28 3.0000
  27   22 8.0000
  76   70 4.0000
  36   23 5.0000
  14    2 4.0000
  57   64 5.0000
  66   11 5.0000
  90   24 2.0000
  86   78 7.0000
  76   70 5.0000
  39  101 12.0000
  27   48 2.0000
  51   33 5.0000
  23   56 6.0000
  83    3 1.0000
  39  101 20.0000
  14    2 2.0000
  36   23 6.0000
  36   23 8.0000
 102   53 6.0000
  81    1 6.0000
  32    1 5.0000
  76   70 6.0000
  23   56 8.0000
  60   11 2.0000
  10    9 2.0000
  27   67 1.0000
  95   75 3.0000
  95   75 6.0000
  12   78 2.0000
  51   77 2.0000
  95   54 1.0000
  95   75 5.0000
  36   92 3.0000
  44   70 5.0000
  67   51 2.0000
  83   74 3.0000
  10    9 5.0000
  66   11 8.0000
   2   68 6.0000
  75   24 3.0000
  39  101 11.0000
  80    6 7.0000
  82  104 3.0000
  51   33 8.0000
  86   78 4.0000
  98   46 6.0000
  28   35 9.0000
  76   10 2.0000
  51   33 3.0000
  23   56 3.0000
  37   81 7.0000
  27   22 5.0000
  64   46 6.0000
  86   78 7.0000
  38   50 6.0000
  23   56 3.0000
  82   13 2.0000
  36   92 3.0000
  80    6 6.0000
  27   50 7.0000
  17   28 8.0000
  23   56 5.0000
  36   23 4.0000
  36   23 3.0000
  57   28 5.0000
  80    6 6.0000
   0   93 3.0000
  95   58 4.0000
  84   88 10.0000
  34   11 4.0000
  17   20 4.0000
  27   22 4.0000
  53   39 6.0000
  80    6 13.0000
  80    6 6.0000
  39  101 6.0000
   0   93 6.0000
  75   24 3.0000
  27   22 5.0000
  36   23 10.0000
  64   46 12.0000
  10   55 5.0000
 100   23 3.0000
  80    6 4.0000
  77   99 2.0000
  84   88 6.0000
  64   46 9.0000
  95   75 4.0000
  51   33 5.0000
  76   70 13.0000
 102   82 4.0000
  51   33 9.0000
  39  101 7.0000
  30   28 3.0000
   0   93 7.0000
  92   99 2.0000
  39  101 6.0000
  36   23 5.0000
  86   78 4.0000
  51   33 10.0000
  32   67 4.0000
  34   87 2.0000
  67   86 8.0000
  39  101 4.0000
  14    2 2.0000
  53   39 6.0000
  60   11 5.0000
  23   56 5.0000
  82   93 6.0000
  80    6 4.0000
  23   56 5.0000
  75   24 2.0000
  98   46 7.0000
  84   88 3.0000
   3   74 2.0000
  39  101 9.0000
  39  101 5.0000
  98   46 8.0000
  28   35 9.0000
  44   69 1.0000
  27   22 6.0000
  98   46 2.0000
  81    1 7.0000
  76   70 4.0000
  95   58 3.0000
  51   33 6.0000
  75   24 12.0000
  64   46 8.0000
  86   78 4.0000
  39  101 8.0000
  36   23 4.0000
  14    2 3.0000
  82   93 2.0000
  86   78 5.0000
  60   52 1.0000
 102   82 5.0000
  17   19 1.0000
  80    6 3.0000
  34   87 4.0000
  64   46 8.0000
  51   33 10.0000
  28   35 4.0000
  36   23 4.0000
  36   23 5.0000
  36   92 3.0000
  39  101 4.0000
  84   88 8.0000
  51   77 4.0000
  80    6 11.0000
  28   35 9.0000
  51   33 4.0000
  27   22 7.0000
  23   32 2.0000
  34   11 2.0000
  34   11 5.0000
  41   71 1.0000
  96   76 2.0000
  36   23 4.0000
  23   56 2.0000
  28   35 9.0000
  36   23 3.0000
  17   20 2.0000
  76   70 8.0000
  51   33 4.0000
  38   50 5.0000
  17   28 7.0000
  86   78 8.0000
  80    6 3.0000
  67   86 9.0000
  51   33 15.0000
  84   88 8.0000
  23   56 6.0000
  17   28 11.0000
  28   35 8.0000
  64   46 9.0000
  17   28 3.0000
  92   99 1.0000
 102   13 1.0000
  86   20 1.0000
  95   58 5.0000
  64   46 5.0000
  10   55 5.0000
  66   11 2.0000
  36   92 4.0000
  51   33 8.0000
  32    1 5.0000
  64   77 3.0000
  23   56 8.0000
  39  101 5.0000
  51   92 1.0000
  27   48 3.0000
   0   93 6.0000
  51   33 7.0000
  14    2 5.0000
  51   33 7.0000
  67   86 5.0000
  39  101 6.0000
  84   88 5.0000
  82   62 2.0000
  82   13 2.0000
  23   56 6.0000
  39  101 8.0000
  67   86 4.0000
  64   46 5.0000
  67   86 4.0000
  76   70 7.0000
  53   39 6.0000
  39  101 5.0000
  27   22 5.0000
  28   35 6.0000
  17   20 3.0000
  86   78 7.0000
  95   75 1.0000
  36   23 9.0000
  39  101 2.0000
  39  101 8.0000
   0   93 4.0000
  20   13 2.0000
  10    9 3.0000
 102   53 5.0000
 102   82 7.0000
  76   70 7.0000
  65   36 3.0000
  80    6 7.0000
  72   19 2.0000
  86   78 5.0000
  70   17 2.0000
  39  101 6.0000
  80    6 6.0000
 100   23 4.0000
  39  101 7.0000
  65   36 8.0000
  36   23 4.0000
  81    1 6.0000
  39  101 2.0000
  57   28 8.0000
  51   33 4.0000
  15   19 2.0000
  32    1 2.0000
   0   93 3.0000
  82  104 1.0000
  64   46 9.0000
  64   46 7.0000
  51   33 5.0000
  39  101 8.0000
  73   38 2.0000
  39  101 16.0000
  30   28 6.0000
  36   23 4.0000
  41   34 2.0000
  28   35 7.0000
  39  101 9.0000
  10    9 5.0000
  51   33 7.0000
  66   11 3.0000
  39  101 7.0000
  36   58 3.0000
  28   35 6.0000
  67   86 4.0000
  36   23 5.0000
  53   39 3.0000
 102   53 2.0000
  23   32 2.0000
   0   93 2.0000
  28   35 3.0000
  36   23 5.0000
  74   16 4.0000
  82   93 3.0000
  57   64 3.0000
  39  101 8.0000
  12   78 3.0000
  76   70 9.0000
  95   75 7.0000
  84   88 9.0000
  76   70 12.0000
  36   23 9.0000
  64   46 2.0000
  81    1 5.0000
  64   59 5.0000
  84   88 6.0000
  67   86 4.0000
  64   46 5.0000
  57   28 2.0000
  28   35 12.0000
  14    2 6.0000
  27   50 8.0000
  84   88 3.0000
  64   46 9.0000
  81    1 4.0000
  10   55 3.0000
   0   93 7.0000
  91   27 2.0000
  80    6 2.0000
  28   35 9.0000
  41   34 7.0000
  80    6 6.0000
  51   33 8.0000
  84   88 12.0000
  57   64 6.0000
  39  101 10.0000
  51   33 6.0000
  34   87 3.0000
  27   22 5.0000
  66   11 1.0000
  28   35 3.0000
  51   33 2.0000
  14    2 3.0000
  36   23 4.0000
  51   33 5.0000
  54   26 2.0000
  27   50 7.0000
  10   55 5.0000
  37   81 8.0000
  95   75 2.0000
  57   64 5.0000
  82  104 4.0000
  34   87 1.0000
  82   65 2.0000
  90   24 4.0000
  27   60 2.0000
  86   78 8.0000
  30   28 1.0000
  10    9 3.0000
  75   24 3.0000
  37   81 4.0000
  64   59 4.0000
  82   93 2.0000
  73   38 1.0000
  53   39 4.0000
  76   70 3.0000
  90   24 3.0000
  76   70 12.0000
  86   78 8.0000
 100   23 2.0000
  86   78 5.0000
  32   67 4.0000
   0   93 7.0000
  70   17 3.0000
  95   75 6.0000
  23   56 5.0000
  27   48 4.0000
  38   50 6.0000
   2   68 6.0000
  10   55 3.0000
  30   28 7.0000
  95   75 8.0000
  32   67 2.0000
  51   33 14.0000
 100   23 3.0000
 102   82 7.0000
 100   23 3.0000
  51   33 2.0000
  39  101 6.0000
   0   93 3.0000
  36   23 7.0000
  67   86 2.0000
 100   23 4.0000
  28   35 6.0000
  28    6 1.0000
  27   50 7.0000
  39  101 7.0000
  39  101 8.0000
  64   46 7.0000
  39  101 3.0000
  28   35 9.0000
  84   88 9.0000
  95   75 5.0000
 100   23 4.0000
  30   28 3.0000
  95   58 1.0000
  39  101 5.0000
  82   93 3.0000
  95   75 4.0000
  83   74 3.0000
  28   35 6.0000
  12   78 3.0000
  80   59 1.0000
  23   56 8.0000
  80    6 7.0000
  80    6 10.0000
  27   50 6.0000
  86   78 3.0000
  37   81 3.0000
 100   23 6.0000
  57   28 2.0000
  72   13 2.0000
  14    2 5.0000
  10    9 5.0000
  32    1 7.0000
  75   24 4.0000
  95   75 2.0000
  51   33 4.0000
  39  101 2.0000
 100   23 5.0000
  57   28 4.0000
  39  101 2.0000
  84   88 6.0000
  36   23 4.0000
  23   56 7.0000
  67   86 6.0000
  65   36 7.0000
  51   33 5.0000
  74   16 4.0000
  64   46 6.0000
 100   23 5.0000
  36   58 1.0000
  66   11 7.0000
  39  101 11.0000
  84   88 5.0000
  52    4 3.0000
  84   88 9.0000
  86   78 4.0000
  39  101 8.0000
  88   13 2.0000
  53   39 6.0000
  17   28 9.0000
  81    1 15.0000
  98   46 2.0000
  38   50 9.0000
  82   93 6.0000
  32    1 4.0000
  23   56 4.0000
  39  101 7.0000
  14    2 7.0000
  30   28 3.0000
  90   24 4.0000
   2   68 6.0000
  38   50 6.0000
 100   23 1.0000
  14    2 1.0000
  36   23 2.0000
  64   46 9.0000
  65   36 3.0000
  86   78 6.0000
  51   33 5.0000
 100   23 4.0000
  53   39 4.0000
  86   78 4.0000
  65   36 9.0000
  80    6 4.0000
  41   71 3.0000
  51   33 12.0000
  80    6 6.0000
  36   85 1.0000
  65   36 4.0000
  39  101 3.0000
  65   36 9.0000
  38   50 6.0000
  27   50 7.0000
  76   70 7.0000
  67   86 6.0000
  10   55 5.0000
  20   13 1.0000
  84   88 6.0000
  51   33 4.0000
  36   23 8.0000
  74   16 6.0000
  80    6 6.0000
  23   32 2.0000
  67   86 9.0000
  27   50 7.0000
  64   46 8.0000
  80    6 6.0000
  39  101 7.0000
  91   27 1.0000
  36   23 7.0000
  88   13 2.0000
  98   46 5.0000
  39  101 6.0000
  64   46 8.0000
 100   23 4.0000
  84   88 5.0000
  98   46 7.0000
  81    1 7.0000
  32    1 3.0000
  98   46 6.0000
  34   11 3.0000
  36   23 13.0000
  28   35 9.0000
  51   33 10.0000
  39  101 10.0000
  17   28 9.0000
  81    1 11.0000
  39  101 7.0000
  80    6 5.0000
  39  101 8.0000
  39  101 9.0000
  17   28 6.0000
  37   81 8.0000
  67   86 9.0000
  38   50 5.0000
  38   50 7.0000
  59   80 1.0000
  14   41 1.0000
  17   28 11.0000
  23   56 2.0000
   0   93 5.0000
  80    6 5.0000
  48   72 1.0000
  39  101 6.0000
  95   58 4.0000
   2   68 6.0000
  36   23 3.0000
  64   46 5.0000
  39  101 3.0000
  86   78 10.0000
  36   23 4.0000
  28   35 7.0000
  39  101 7.0000
  77   99 2.0000
  34   11 1.0000
  90   24 6.0000
  81    1 10.0000
  75   24 10.0000
  27   22 5.0000
  96   29 1.0000
  84   88 5.0000
  82   93 6.0000
  36   92 4.0000
  64   46 7.0000
  36   92 4.0000
  39  101 10.0000
  39  101 4.0000
  84   88 9.0000
  98   46 6.0000
  27   22 5.0000
  98   46 6.0000
  66   11 6.0000
  51   33 12.0000
  23   56 9.0000
 102   53 3.0000
  64   46 7.0000
  23   56 6.0000
  90   24 1.0000
  23   56 7.0000
  80    6 6.0000
  51   33 2.0000
  98   46 5.0000
  64   46 6.0000
  80    6 7.0000
  67   86 5.0000
  37   81 4.0000
  76   70 3.0000
  58   59 2.0000
   2   68 6.0000
  23   56 4.0000
  38   50 2.0000
  39  101 6.0000
  75   24 9.0000
  39  101 12.0000
  98   46 8.0000
  83   74 3.0000
  86   78 5.0000
  60   11 4.0000
  17   28 5.0000
  36   23 9.0000
 100   23 3.0000
  17   28 4.0000
  80    6 7.0000
  57   64 2.0000
  14    2 4.0000
  17   28 5.0000
  57   28 5.0000
  81    1 4.0000
  39  101 8.0000
  51   33 7.0000
  86   78 3.0000
  27   50 7.0000
  68   29 1.0000
 100   23 9.0000
  53   39 2.0000
  64   59 3.0000
  14    2 3.0000
  66   11 4.0000
  51   33 10.0000
  27   50 6.0000
  81    1 6.0000
  92   89 2.0000
  82   65 3.0000
  57   28 8.0000
  44   43 1.0000
   0   93 9.0000
   0   93 5.0000
  23   56 7.0000
  80    6 7.0000
  95   75 5.0000
  95   75 4.0000
  39  101 8.0000
  86   78 5.0000
  36   23 5.0000
  46   30 2.0000
  64   46 5.0000
  67   86 3.0000
 102   82 6.0000
  57   28 5.0000
  90   24 4.0000
  81    1 10.0000
  98   46 7.0000
  76   70 8.0000
  80    6 5.0000
  36   23 7.0000
  27   48 3.0000
  28   35 7.0000
  80   10 3.0000
  65   36 5.0000
  95   58 2.0000
  80    6 5.0000
  74   16 4.0000
 100   23 5.0000
  36   23 8.0000
  82   62 2.0000
  80    6 7.0000
  86   78 6.0000
  82   93 3.0000
  80    6 6.0000
  64   46 3.0000
  51   33 11.0000
  37   81 11.0000
  38   50 9.0000
  36   23 7.0000
  96   76 1.0000
  86   78 8.0000
  53   39 9.0000
  76   70 13.0000
  36   92 3.0000
  24   66 1.0000
 102   53 5.0000
  12   78 1.0000
  64   46 4.0000
  51   33 7.0000
  10   55 5.0000
  28   35 9.0000
  82   93 4.0000
  14    2 5.0000
  82   13 2.0000
  39  101 11.0000
  53   39 6.0000
  80   10 3.0000
  36   23 3.0000
   1   84 1.0000
  64   46 11.0000
  38   50 6.0000
  75   92 2.0000
  74   16 6.0000
  84   18 2.0000
  23   56 5.0000
  39  101 5.0000
  51   33 7.0000
  36   92 3.0000
  39  101 15.0000
  80    6 3.0000
  98   46 4.0000
  32    1 3.0000
  93   96 2.0000
  82   62 2.0000
  83    3 4.0000
  32   67 5.0000
  80    6 13.0000
  39  101 6.0000
  72   13 2.0000
  64   46 7.0000
  82   62 2.0000
  23   56 7.0000
  23   56 6.0000
  10    9 4.0000
  93   33 2.0000
  64   46 7.0000
  96   40 1.0000
  18   21 1.0000
  28   35 7.0000
 100   42 2.0000
  10   55 6.0000
  60   52 2.0000
  16   38 1.0000
  51   33 6.0000
  51   33 10.0000
  39  101 4.0000
  27   48 4.0000
  55   31 3.0000
  84   88 4.0000
  36   92 3.0000
  80    6 7.0000
  81    1 6.0000
  23   56 5.0000
  67   86 5.0000
   0   93 7.0000
  38   50 3.0000
  65   36 5.0000
  98   46 8.0000
  90   24 7.0000
  64   46 6.0000
  49   41 1.0000
  97    9 3.0000
  51   77 5.0000
  28   35 5.0000
  75   24 7.0000
  51   33 8.0000
  10   55 6.0000
  36   23 4.0000
  97    9 1.0000
  32   67 8.0000
  37   81 4.0000
  44   98 1.0000
  20   13 2.0000
  97    9 3.0000
  39  101 8.0000
  34   87 2.0000
  82   13 2.0000
  23   32 2.0000
  51   33 7.0000
  36   23 3.0000
  36   23 9.0000
  57   28 4.0000
  86   78 2.0000
  93   33 1.0000
  36   23 6.0000
  83    3 3.0000
  27   48 2.0000
  28   35 4.0000
  66   11 3.0000
  39  101 8.0000
  98   46 5.0000
  39  101 7.0000
  34   87 4.0000
  64   46 8.0000
  14   93 1.0000
  64   46 7.0000
  51   33 8.0000
  82   93 1.0000
  57   28 5.0000
  10    9 2.0000
  67   86 3.0000
  28   35 7.0000
  39  101 5.0000
  14   41 2.0000
  75   24 4.0000
  80    6 7.0000
  80    6 4.0000
   3   74 4.0000
  81    1 5.0000
  17   28 5.0000
  70   48 2.0000
  27   48 3.0000
  10   55 6.0000
  12   78 2.0000
  36   23 8.0000
  17   28 9.0000
  95   75 4.0000
  51   33 7.0000
  17   28 5.0000
   2   68 3.0000
  84   88 6.0000
  95   75 3.0000
  80    6 2.0000
  17   28 2.0000
  82   93 5.0000
  90   24 10.0000
  51   33 15.0000
 100   23 6.0000
  23   56 2.0000
  75   24 3.0000
  23   56 6.0000
  53   39 6.0000
  86   78 8.0000
  51   33 9.0000
  81    1 1.0000
  39  101 5.0000
  39  101 20.0000
  51   33 9.0000
  39  101 9.0000
  59   80 6.0000
  86   78 6.0000
  98   46 6.0000
  36   23 3.0000
  39  101 7.0000
  39  101 7.0000
  39  101 9.0000
  23   32 2.0000
  23   56 8.0000
  44   70 1.0000
  80   10 3.0000
  81    1 4.0000
  95   75 4.0000
  90   24 10.0000
  36   23 9.0000
  17   28 6.0000
  65   36 10.0000
  39  101 3.0000
   0   93 6.0000
  20   21 5.0000
  23   56 4.0000
  75   24 3.0000
  51   33 8.0000
  36   92 3.0000
  51   33 4.0000
  36   23 5.0000
  57   28 5.0000
  28    6 2.0000
  10   55 3.0000
  15   60 4.0000
  36   23 1.0000
  81    1 4.0000
  72   13 1.0000
  84   88 11.0000
  76   70 13.0000
  67   86 3.0000
  36   23 9.0000
  98   46 5.0000
  28   35 2.0000
  23   56 9.0000
 102   53 5.0000
  80    6 7.0000
  51   33 1.0000
  17   28 9.0000
 102   53 3.0000
  39  101 18.0000
  81    1 5.0000
  74   16 5.0000
  74   16 3.0000
 100   23 3.0000
  82   13 2.0000
  64   46 10.0000
  80    6 6.0000
  84   88 10.0000
  80    6 13.0000
  28   35 5.0000
  95   58 3.0000
  76   70 13.0000
  10   55 5.0000
  67   86 4.0000
  59   80 6.0000
  32   29 1.0000
  28   35 9.0000
  74   16 4.0000
  53   39 6.0000
  64   46 11.0000
 100   23 4.0000
  64   46 8.0000
  93   33 2.0000
  82  104 3.0000
  36   23 3.0000
  81    1 5.0000
  39  101 8.0000
  64   59 4.0000
  67   86 2.0000
  76   70 5.0000
  64   46 3.0000
  27   22 5.0000
  87   80 1.0000
  36   23 4.0000
  39  101 9.0000
  64   46 2.0000
  10   37 1.0000
  57   28 6.0000
  44   70 3.0000
  23   56 4.0000
  36   23 3.0000
  32    1 2.0000
  76   70 7.0000
  44   70 3.0000
 102   53 4.0000
  76   70 12.0000
 102   53 4.0000
  95   58 2.0000
  51   33 6.0000
  38   50 8.0000
  80    6 6.0000
  96   76 3.0000
   0   93 4.0000
  64   46 9.0000
  86   78 4.0000
   0   93 5.0000
 101   30 2.0000
  67   86 6.0000
  10    9 3.0000
  44   69 2.0000
  95   58 5.0000
  81    1 13.0000
  51   33 5.0000
  86   78 8.0000
  64   46 9.0000
  86   78 6.0000
  30   28 2.0000
  82   13 2.0000
  35   47 2.0000
  23   56 8.0000
  67   86 5.0000
  10    9 3.0000
  95   75 4.0000
  16   10 1.0000
  28   35 3.0000
  64   46 9.0000
  17   28 7.0000
  14    2 4.0000
  67   86 8.0000
   0   93 5.0000
  28   35 11.0000
  75   24 7.0000
  17   28 2.0000
  70   17 2.0000
  76   70 6.0000
  39  101 5.0000
 100   23 6.0000
  13   91 1.0000
  84   88 7.0000
  90   24 8.0000
  84   88 8.0000
  39  101 6.0000
  92   89 1.0000
  67   86 6.0000
  36   92 3.0000
  39  101 8.0000
  34   11 4.0000
 102   53 6.0000
  64   46 10.0000
  53   39 3.0000
  83   74 2.0000
  86   78 7.0000
  64   46 7.0000
  57   64 5.0000
  80    6 13.0000
   7   81 1.0000
  80    6 6.0000
  14    2 5.0000
  39  101 5.0000
  98   46 7.0000
  51   33 5.0000
  65   36 6.0000
  75   24 4.0000
  51   33 7.0000
  59   80 2.0000
  65   36 2.0000
  27   22 1.0000
  51   33 7.0000
  76   70 5.0000
  39  101 9.0000
  36   92 3.0000
  90   24 5.0000
  44   69 2.0000
  27   60 1.0000
  36   23 4.0000
  64   46 3.0000
  75   24 8.0000
  57   28 4.0000
 100   23 3.0000
  84   88 5.0000
  86   78 6.0000
  23   56 7.0000
  39  101 4.0000
  82   93 2.0000
  86   78 3.0000
  28   35 5.0000
  28   35 6.0000
  95   58 3.0000
  38   50 2.0000
  28   35 2.0000
  67   86 4.0000
  17   28 11.0000
  90   24 3.0000
   2   68 5.0000
  53   39 3.0000
  65   36 6.0000
  65   36 6.0000
  67   86 6.0000
  80    6 4.0000
 102   82 4.0000
  51   33 4.0000
  86   78 6.0000
  41   34 4.0000
  80    6 4.0000
  83   74 1.0000
  86   78 7.0000
  39  101 8.0000
  27   48 2.0000
  57   28 8.0000
  92   47 1.0000
  80    6 7.0000
  80   10 2.0000
  51   33 10.0000
  57   28 6.0000
  39  101 8.0000
  76   70 6.0000
  76   70 9.0000
  36   23 4.0000
  86   78 5.0000
  17   28 10.0000
  84   88 9.0000
  39  101 12.0000
  65   36 5.0000
  76   70 4.0000
   1   41 2.0000
  23   56 2.0000
  10    9 3.0000
  28    6 2.0000
  67   86 12.0000
  28   35 4.0000
  95   75 3.0000
  80    6 6.0000
   2   68 6.0000
  36   23 9.0000
  95   75 3.0000
  51   33 3.0000
  80    6 9.0000
  64   46 7.0000
  95   75 7.0000
  51   33 3.0000
  10   55 3.0000
 100   23 6.0000
  65   36 5.0000
  45   98 1.0000
  53   39 6.0000
   0   93 4.0000
  23   56 5.0000
  32   67 5.0000
  51   33 8.0000
  38   50 9.0000
  28   35 6.0000
  81    1 3.0000
  36   92 2.0000
  65   36 4.0000
  76   70 11.0000
  75   24 3.0000
   2   15 1.0000
  80    6 6.0000
  14    2 4.0000
  27   50 5.0000
\ \ 5.2010 
